BATTERY,7,99.998587,8769.000000,,
BATTERY,7,99.998587,8769.000000,,
BATTERY,7,99.997876,13185.000000,,
BATTERY,7,99.996964,15138.000000,,
BATTERY,7,99.996491,18074.000000,,
BATTERY,7,99.996491,18074.000000,,
BATTERY,7,99.996036,20899.000000,,
BATTERY,7,99.996036,20899.000000,,
BATTERY,7,99.995655,23268.000000,,
BATTERY,7,99.994683,25349.000000,,
BATTERY,7,99.994580,25989.000000,,
BATTERY,7,99.993615,27877.000000,,
BATTERY,7,99.992859,32569.000000,,
BATTERY,7,99.992859,32569.000000,,
BATTERY,7,99.992692,33607.000000,,
BATTERY,7,99.991721,35688.000000,,
BATTERY,7,99.991314,38216.000000,,
BATTERY,7,99.991314,38216.000000,,
BATTERY,7,99.990520,43143.000000,,
BATTERY,7,99.990520,43143.000000,,
BATTERY,7,99.990122,45613.000000,,
BATTERY,7,99.989157,47501.000000,,
BATTERY,7,99.988755,49993.000000,,
BATTERY,7,99.988755,49993.000000,,
BATTERY,7,99.988098,54077.000000,,
BATTERY,7,99.987126,56158.000000,,
BATTERY,7,99.986616,59326.000000,,
BATTERY,7,99.986616,59326.000000,,
BATTERY,7,99.986209,61855.000000,,
BATTERY,7,99.986209,61855.000000,,
BATTERY,7,99.984005,75531.000000,,
BATTERY,7,99.984005,75531.000000,,
BATTERY,7,99.982600,84253.000000,,
BATTERY,7,99.982600,84253.000000,,
BATTERY,7,99.982124,87208.000000,,
BATTERY,7,99.982124,87208.000000,,
BATTERY,7,99.981169,93137.000000,,
BATTERY,7,99.981169,93137.000000,,
BATTERY,7,99.979291,104789.000000,,
BATTERY,7,99.979291,104789.000000,,
BATTERY,7,99.977155,118051.000000,,
BATTERY,7,99.976184,120132.000000,,
BATTERY,7,99.975012,127405.000000,,
BATTERY,7,99.975012,127405.000000,,
BATTERY,7,99.973217,138544.000000,,
BATTERY,7,99.973217,138544.000000,,
BATTERY,7,99.970986,152390.000000,,
BATTERY,7,99.970986,152390.000000,,
BATTERY,7,99.963126,201180.000000,,
BATTERY,7,99.963126,201180.000000,,
BATTERY,7,99.959179,225680.000000,,
BATTERY,7,99.959179,225680.000000,,
BATTERY,7,99.956204,244143.000000,,
BATTERY,7,99.956204,244143.000000,,
BATTERY,7,99.956029,245232.000000,,
BATTERY,7,99.955057,247313.000000,,
BATTERY,7,99.954702,249521.000000,,
BATTERY,7,99.954702,249521.000000,,
BATTERY,7,99.954341,251761.000000,,
BATTERY,7,99.954341,251761.000000,,
BATTERY,7,99.927817,416391.000000,,
BATTERY,7,99.927817,416391.000000,,
BATTERY,7,99.926968,421661.000000,,
BATTERY,7,99.926968,421661.000000,,
BATTERY,7,99.922807,447486.000000,,
BATTERY,7,99.921836,449567.000000,,
BATTERY,7,99.916808,480777.000000,,
BATTERY,7,99.916808,480777.000000,,
BATTERY,7,99.915199,490766.000000,,
BATTERY,7,99.915199,490766.000000,,
BATTERY,7,99.863147,813845.000000,,
BATTERY,7,99.863147,813845.000000,,
BATTERY,7,99.862817,815894.000000,,
BATTERY,7,99.861846,817975.000000,,
BATTERY,7,99.854521,863436.000000,,
BATTERY,7,99.854521,863436.000000,,
BATTERY,7,99.853153,871928.000000,,
BATTERY,7,99.853153,871928.000000,,
BATTERY,7,99.852051,878770.000000,,
BATTERY,7,99.852051,878770.000000,,
BATTERY,7,99.832210,1001920.000000,,
BATTERY,7,99.830755,1004768.000000,,
BATTERY,7,99.829092,1015086.506729,,
BATTERY,7,99.829092,1015086.506729,,
BATTERY,7,99.828865,1016495.506729,,
BATTERY,7,99.827954,1018448.506729,,
BATTERY,7,99.827882,1018891.906796,,
BATTERY,7,99.826983,1020651.906796,,
BATTERY,7,99.826007,1026706.293405,,
BATTERY,7,99.825108,1028466.293405,,
BATTERY,7,99.823316,1039590.186743,,
BATTERY,7,99.822416,1041350.186743,,
BATTERY,7,99.729026,1621012.000000,,
BATTERY,7,99.729026,1621012.000000,,
BATTERY,7,99.726282,1638046.000000,,
BATTERY,7,99.725311,1640127.000000,,
BATTERY,7,99.721246,1665358.000000,,
BATTERY,7,99.721246,1665358.000000,,
BATTERY,7,99.696526,1818791.000000,,
BATTERY,7,99.696526,1818791.000000,,
BATTERY,7,99.667228,2000640.000000,,
BATTERY,7,99.665772,2003488.000000,,
BATTERY,7,99.664756,2009796.573351,,
BATTERY,7,99.663844,2011749.573351,,
BATTERY,7,99.662731,2018659.093539,,
BATTERY,7,99.661832,2020419.093539,,
BATTERY,7,99.660961,2025824.586810,,
BATTERY,7,99.660061,2027584.586810,,
BATTERY,7,99.657226,2045185.000000,,
BATTERY,7,99.657226,2045185.000000,,
BATTERY,7,99.656710,2048386.000000,,
BATTERY,7,99.655810,2050146.000000,,
BATTERY,7,99.502366,3002560.000000,,
BATTERY,7,99.500910,3005408.000000,,
BATTERY,7,99.499744,3012646.360027,,
BATTERY,7,99.498833,3014599.360027,,
BATTERY,7,99.498323,3017762.280282,,
BATTERY,7,99.497424,3019522.280282,,
BATTERY,7,99.496344,3026222.880215,,
BATTERY,7,99.495444,3027982.880215,,
BATTERY,7,99.493399,3040676.560228,,
BATTERY,7,99.492500,3042436.560228,,
BATTERY,7,99.476468,3141943.000000,,
BATTERY,7,99.476468,3141943.000000,,
BATTERY,7,99.450989,3300090.000000,,
BATTERY,7,99.450989,3300090.000000,,
BATTERY,7,99.441203,3360830.000000,,
BATTERY,7,99.440232,3362911.000000,,
BATTERY,7,99.422225,3474680.000000,,
BATTERY,7,99.422225,3474680.000000,,
BATTERY,7,99.337332,4001600.000000,,
BATTERY,7,99.335876,4004448.000000,,
BATTERY,7,99.334973,4010056.146702,,
BATTERY,7,99.334061,4012009.146702,,
BATTERY,7,99.333018,4018486.787011,,
BATTERY,7,99.332118,4020246.787011,,
BATTERY,7,99.330370,4031101.173620,,
BATTERY,7,99.329470,4032861.173620,,
BATTERY,7,99.328418,4039389.600269,,
BATTERY,7,99.328418,4039389.600269,,
BATTERY,7,99.173241,5002560.000000,,
BATTERY,7,99.171785,5005408.000000,,
BATTERY,7,99.170474,5013545.933378,,
BATTERY,7,99.169563,5015498.933378,,
BATTERY,7,99.169178,5017888.653768,,
BATTERY,7,99.168278,5019648.653768,,
BATTERY,7,99.167503,5024459.467025,,
BATTERY,7,99.166603,5026219.467025,,
BATTERY,7,99.164976,5036322.933714,,
BATTERY,7,99.164076,5038082.933714,,
BATTERY,7,99.008946,6000960.000000,,
BATTERY,7,99.007490,6003808.000000,,
BATTERY,7,99.005366,6016991.840510,,
BATTERY,7,99.004467,6018751.840510,,
BATTERY,7,99.004025,6021492.373821,,
BATTERY,7,99.003114,6023445.373821,,
BATTERY,7,99.002731,6025817.760430,,
BATTERY,7,99.001832,6027577.760430,,
BATTERY,7,99.000464,6036066.120457,,
BATTERY,7,98.999565,6037826.120457,,
BATTERY,7,98.940491,6404492.000000,,
BATTERY,7,98.940491,6404492.000000,,
BATTERY,7,98.929920,6470105.000000,,
BATTERY,7,98.929920,6470105.000000,,
BATTERY,7,98.845501,6994084.000000,,
BATTERY,7,98.845501,6994084.000000,,
BATTERY,7,98.844496,7000320.000000,,
BATTERY,7,98.843041,7003168.000000,,
BATTERY,7,98.841327,7013805.506729,,
BATTERY,7,98.840415,7015758.506729,,
BATTERY,7,98.840258,7016735.027253,,
BATTERY,7,98.839359,7018495.027253,,
BATTERY,7,98.839270,7019041.667226,,
BATTERY,7,98.838371,7020801.667226,,
BATTERY,7,98.836983,7029416.053835,,
BATTERY,7,98.836083,7031176.053835,,
BATTERY,7,98.834461,7041249.307199,,
BATTERY,7,98.833561,7043009.307199,,
BATTERY,7,98.830687,7060846.000000,,
BATTERY,7,98.830687,7060846.000000,,
BATTERY,7,98.726711,7706218.000000,,
BATTERY,7,98.725740,7708299.000000,,
BATTERY,7,98.713855,7782066.000000,,
BATTERY,7,98.713855,7782066.000000,,
BATTERY,7,98.678331,8002560.000000,,
BATTERY,7,98.676875,8005408.000000,,
BATTERY,7,98.675143,8016158.213996,,
BATTERY,7,98.674244,8017918.213996,,
BATTERY,7,98.673828,8020495.293405,,
BATTERY,7,98.672917,8022448.293405,,
BATTERY,7,98.672658,8024054.347240,,
BATTERY,7,98.671759,8025814.347240,,
BATTERY,7,98.670293,8034912.493942,,
BATTERY,7,98.669393,8036672.493942,,
BATTERY,7,98.514088,9000640.000000,,
BATTERY,7,98.512632,9003488.000000,,
BATTERY,7,98.511340,9011505.080081,,
BATTERY,7,98.510429,9013458.080081,,
BATTERY,7,98.509932,9016541.400739,,
BATTERY,7,98.509033,9018301.400739,,
BATTERY,7,98.506598,9033412.640645,,
BATTERY,7,98.505698,9035172.640645,,
BATTERY,7,98.349893,10002240.000000,,
BATTERY,7,98.348437,10005088.000000,,
BATTERY,7,98.347408,10011474.866756,,
BATTERY,7,98.346497,10013427.866756,,
BATTERY,7,98.346088,10015964.587481,,
BATTERY,7,98.345189,10017724.587481,,
BATTERY,7,98.343938,10025490.934050,,
BATTERY,7,98.343038,10027250.934050,,
BATTERY,7,98.341783,10035038.867428,,
BATTERY,7,98.340884,10036798.867428,,
BATTERY,7,98.185495,11001280.000000,,
BATTERY,7,98.184039,11004128.000000,,
BATTERY,7,98.182190,11015604.653432,,
BATTERY,7,98.181279,11017557.653432,,
BATTERY,7,98.180989,11019354.840846,,
BATTERY,7,98.180090,11021114.840846,,
BATTERY,7,98.178991,11027937.227454,,
BATTERY,7,98.178091,11029697.227454,,
BATTERY,7,98.176860,11037342.054170,,
BATTERY,7,98.175960,11039102.054170,,
BATTERY,7,98.020994,12000960.000000,,
BATTERY,7,98.019538,12003808.000000,,
BATTERY,7,98.018416,12010774.440107,,
BATTERY,7,98.017505,12012727.440107,,
BATTERY,7,98.017014,12015770.960967,,
BATTERY,7,98.016115,12017530.960967,,
BATTERY,7,98.016066,12017833.134251,,
BATTERY,7,98.015166,12019593.134251,,
BATTERY,7,98.014603,12023087.520859,,
BATTERY,7,98.013704,12024847.520859,,
BATTERY,7,98.012402,12032925.240913,,
BATTERY,7,98.011503,12034685.240913,,
BATTERY,7,97.912626,12648407.000000,,
BATTERY,7,97.912626,12648407.000000,,
BATTERY,7,97.855619,13002240.000000,,
BATTERY,7,97.854163,13005088.000000,,
BATTERY,7,97.853046,13012024.226783,,
BATTERY,7,97.852135,13013977.226783,,
BATTERY,7,97.851810,13015991.427656,,
BATTERY,7,97.850910,13017751.427656,,
BATTERY,7,97.849935,13023805.814264,,
BATTERY,7,97.849036,13025565.814264,,
BATTERY,7,97.847891,13032668.427656,,
BATTERY,7,97.846992,13034428.427656,,
BATTERY,7,97.691118,14001920.000000,,
BATTERY,7,97.689662,14004768.000000,,
BATTERY,7,97.688498,14011995.000000,,
BATTERY,7,97.688498,14011995.000000,,
BATTERY,7,97.688116,14014364.000000,,
BATTERY,7,97.687205,14016317.000000,,
BATTERY,7,97.687142,14016709.721061,,
BATTERY,7,97.686242,14018469.721061,,
BATTERY,7,97.685986,14020057.334452,,
BATTERY,7,97.685087,14021817.334452,,
BATTERY,7,97.683380,14032411.614399,,
BATTERY,7,97.682480,14034171.614399,,
BATTERY,7,97.682261,14035532.107669,,
BATTERY,7,97.681362,14037292.107669,,
BATTERY,7,97.637869,14307247.000000,,
BATTERY,7,97.636898,14309328.000000,,
BATTERY,7,97.632118,14338993.000000,,
BATTERY,7,97.632118,14338993.000000,,
BATTERY,7,97.525313,15001920.000000,,
BATTERY,7,97.523858,15004768.000000,,
BATTERY,7,97.522492,15013243.800134,,
BATTERY,7,97.521581,15015196.800134,,
BATTERY,7,97.521428,15016148.014466,,
BATTERY,7,97.520528,15017908.014466,,
BATTERY,7,97.519810,15022362.401074,,
BATTERY,7,97.518911,15024122.401074,,
BATTERY,7,97.517411,15033434.801141,,
BATTERY,7,97.516511,15035194.801141,,
BATTERY,7,97.450972,15441989.000000,,
BATTERY,7,97.450972,15441989.000000,,
BATTERY,7,97.394183,15794474.000000,,
BATTERY,7,97.394183,15794474.000000,,
BATTERY,7,97.360658,16002560.000000,,
BATTERY,7,97.359202,16005408.000000,,
BATTERY,7,97.358512,16009693.586810,,
BATTERY,7,97.357600,16011646.586810,,
BATTERY,7,97.357101,16014743.707938,,
BATTERY,7,97.356202,16016503.707938,,
BATTERY,7,97.353721,16031897.987884,,
BATTERY,7,97.352822,16033657.987884,,
BATTERY,7,97.196876,17001600.000000,,
BATTERY,7,97.195420,17004448.000000,,
BATTERY,7,97.194734,17008703.373486,,
BATTERY,7,97.193823,17010656.373486,,
BATTERY,7,97.193103,17015126.894681,,
BATTERY,7,97.192203,17016886.894681,,
BATTERY,7,97.191296,17022518.987884,,
BATTERY,7,97.190396,17024278.987884,,
BATTERY,7,97.189210,17031641.174627,,
BATTERY,7,97.188311,17033401.174627,,
BATTERY,7,97.032323,18001600.000000,,
BATTERY,7,97.030867,18004448.000000,,
BATTERY,7,97.029620,18012193.160161,,
BATTERY,7,97.028708,18014146.160161,,
BATTERY,7,97.028540,18015190.081423,,
BATTERY,7,97.027640,18016950.081423,,
BATTERY,7,97.026731,18022597.281289,,
BATTERY,7,97.025831,18024357.281289,,
BATTERY,7,97.024596,18032024.361370,,
BATTERY,7,97.023696,18033784.361370,,
BATTERY,7,96.867719,19001920.000000,,
BATTERY,7,96.866263,19004768.000000,,
BATTERY,7,96.865536,19009282.946837,,
BATTERY,7,96.864624,19011235.946837,,
BATTERY,7,96.864080,19014613.268166,,
BATTERY,7,96.863181,19016373.268166,,
BATTERY,7,96.862062,19023315.574694,,
BATTERY,7,96.861163,19025075.574694,,
BATTERY,7,96.860188,19031127.548112,,
BATTERY,7,96.859288,19032887.548112,,
BATTERY,7,96.703372,20000640.000000,,
BATTERY,7,96.701917,20003488.000000,,
BATTERY,7,96.700782,20010532.733512,,
BATTERY,7,96.699870,20012485.733512,,
BATTERY,7,96.699724,20013396.454909,,
BATTERY,7,96.698824,20015156.454909,,
BATTERY,7,96.697806,20021473.868099,,
BATTERY,7,96.696907,20023233.868099,,
BATTERY,7,96.694851,20035990.734855,,
BATTERY,7,96.693952,20037750.734855,,
BATTERY,7,96.538665,21001600.000000,,
BATTERY,7,96.537209,21004448.000000,,
BATTERY,7,96.536543,21008582.520188,,
BATTERY,7,96.535632,21010535.520188,,
BATTERY,7,96.535064,21014057.774895,,
BATTERY,7,96.534165,21015817.774895,,
BATTERY,7,96.533293,21021232.161504,,
BATTERY,7,96.532393,21022992.161504,,
BATTERY,7,96.530907,21032213.921598,,
BATTERY,7,96.530008,21033973.921598,,
BATTERY,7,96.374112,22001600.000000,,
BATTERY,7,96.372657,22004448.000000,,
BATTERY,7,96.371892,22009192.306864,,
BATTERY,7,96.370981,22011145.306864,,
BATTERY,7,96.370753,22012562.828394,,
BATTERY,7,96.369853,22014322.828394,,
BATTERY,7,96.369677,22015416.068300,,
BATTERY,7,96.368777,22017176.068300,,
BATTERY,7,96.367802,22023230.454909,,
BATTERY,7,96.366902,22024990.454909,,
BATTERY,7,96.365986,22030677.108341,,
BATTERY,7,96.365087,22032437.108341,,
BATTERY,7,96.208789,23002560.000000,,
BATTERY,7,96.207333,23005408.000000,,
BATTERY,7,96.206058,23013322.093539,,
BATTERY,7,96.205147,23015275.093539,,
BATTERY,7,96.203153,23027654.361705,,
BATTERY,7,96.202253,23029414.361705,,
BATTERY,7,96.201995,23031015.361705,,
BATTERY,7,96.201095,23032775.361705,,
BATTERY,7,96.200805,23034580.295083,,
BATTERY,7,96.199905,23036340.295083,,
BATTERY,7,96.044340,24001920.000000,,
BATTERY,7,96.042884,24004768.000000,,
BATTERY,7,96.042181,24009131.880215,,
BATTERY,7,96.041269,24011084.880215,,
BATTERY,7,96.041011,24012689.201880,,
BATTERY,7,96.040111,24014449.201880,,
BATTERY,7,96.040085,24014612.655110,,
BATTERY,7,96.039185,24016372.655110,,
BATTERY,7,96.038004,24023707.041719,,
BATTERY,7,96.037104,24025467.041719,,
BATTERY,7,96.036245,24030803.481826,,
BATTERY,7,96.035345,24032563.481826,,
BATTERY,7,95.879119,25002240.000000,,
BATTERY,7,95.877664,25005088.000000,,
BATTERY,7,95.876862,25010061.666890,,
BATTERY,7,95.875951,25012014.666890,,
BATTERY,7,95.875778,25013090.948515,,
BATTERY,7,95.874878,25014850.948515,,
BATTERY,7,95.874006,25020265.335124,,
BATTERY,7,95.873106,25022025.335124,,
BATTERY,7,95.871579,25031506.668569,,
BATTERY,7,95.870679,25033266.668569,,
BATTERY,7,95.714515,26002560.000000,,
BATTERY,7,95.713059,26005408.000000,,
BATTERY,7,95.712160,26010991.453566,,
BATTERY,7,95.711248,26012944.453566,,
BATTERY,7,95.711166,26013455.575365,,
BATTERY,7,95.710267,26015215.575365,,
BATTERY,7,95.710235,26015409.241920,,
BATTERY,7,95.709336,26017169.241920,,
BATTERY,7,95.708257,26023863.628529,,
BATTERY,7,95.707358,26025623.628529,,
BATTERY,7,95.706503,26030929.855312,,
BATTERY,7,95.705603,26032689.855312,,
BATTERY,7,95.697906,26080468.000000,,
BATTERY,7,95.696935,26082549.000000,,
BATTERY,7,95.642534,26420205.000000,,
BATTERY,7,95.642534,26420205.000000,,
BATTERY,7,95.591856,26734763.000000,,
BATTERY,7,95.591856,26734763.000000,,
BATTERY,7,95.548711,27002560.000000,,
BATTERY,7,95.547255,27005408.000000,,
BATTERY,7,95.546515,27010001.240242,,
BATTERY,7,95.545604,27011954.240242,,
BATTERY,7,95.545292,27013887.535325,,
BATTERY,7,95.544392,27015647.535325,,
BATTERY,7,95.543962,27018318.762108,,
BATTERY,7,95.543063,27020078.762108,,
BATTERY,7,95.541304,27030993.042055,,
BATTERY,7,95.540405,27032753.042055,,
BATTERY,7,95.384519,28000320.000000,,
BATTERY,7,95.383063,28003168.000000,,
BATTERY,7,95.382225,28008371.026917,,
BATTERY,7,95.381313,28010324.026917,,
BATTERY,7,95.380840,28013261.948851,,
BATTERY,7,95.379941,28015021.948851,,
BATTERY,7,95.378388,28024660.215339,,
BATTERY,7,95.377488,28026420.215339,,
BATTERY,7,95.376844,28030416.228797,,
BATTERY,7,95.375945,28032176.228797,,
BATTERY,7,95.268077,28701701.000000,,
BATTERY,7,95.268077,28701701.000000,,
BATTERY,7,95.219863,29000960.000000,,
BATTERY,7,95.218407,29003808.000000,,
BATTERY,7,95.217522,29009300.813593,,
BATTERY,7,95.216611,29011253.813593,,
BATTERY,7,95.216471,29012124.122135,,
BATTERY,7,95.215571,29013884.122135,,
BATTERY,7,95.214544,29020258.508744,,
BATTERY,7,95.213645,29022018.508744,,
BATTERY,7,95.211611,29034639.415540,,
BATTERY,7,95.210712,29036399.415540,,
BATTERY,7,95.055207,30001600.000000,,
BATTERY,7,95.053752,30004448.000000,,
BATTERY,7,95.052621,30011468.322337,,
BATTERY,7,95.051721,30013228.322337,,
BATTERY,7,95.051221,30016331.415540,,
BATTERY,7,95.050310,30018284.415540,,
BATTERY,7,95.049721,30021936.802149,,
BATTERY,7,95.048822,30023696.802149,,
BATTERY,7,95.047770,30030222.602283,,
BATTERY,7,95.046871,30031982.602283,,
BATTERY,7,94.890603,31001920.000000,,
BATTERY,7,94.889147,31004768.000000,,
BATTERY,7,94.888478,31008920.386944,,
BATTERY,7,94.887567,31010873.386944,,
BATTERY,7,94.887461,31011531.509079,,
BATTERY,7,94.886561,31013291.509079,,
BATTERY,7,94.885620,31019135.095553,,
BATTERY,7,94.884720,31020895.095553,,
BATTERY,7,94.883362,31029325.789026,,
BATTERY,7,94.882463,31031085.789026,,
BATTERY,7,94.861001,31164295.000000,,
BATTERY,7,94.861001,31164295.000000,,
BATTERY,7,94.816326,31441590.000000,,
BATTERY,7,94.816326,31441590.000000,,
BATTERY,7,94.725947,32002560.000000,,
BATTERY,7,94.724492,32005408.000000,,
BATTERY,7,94.723879,32009210.173620,,
BATTERY,7,94.722968,32011163.173620,,
BATTERY,7,94.722827,32012039.002350,,
BATTERY,7,94.721927,32013799.002350,,
BATTERY,7,94.721818,32014474.695822,,
BATTERY,7,94.720919,32016234.695822,,
BATTERY,7,94.720645,32017933.388958,,
BATTERY,7,94.719745,32019693.388958,,
BATTERY,7,94.718183,32029388.975768,,
BATTERY,7,94.717284,32031148.975768,,
BATTERY,7,94.560882,33001920.000000,,
BATTERY,7,94.559426,33004768.000000,,
BATTERY,7,94.558715,33009179.960295,,
BATTERY,7,94.557804,33011132.960295,,
BATTERY,7,94.557616,33012297.882565,,
BATTERY,7,94.556717,33014057.882565,,
BATTERY,7,94.555977,33018651.682363,,
BATTERY,7,94.555077,33020411.682363,,
BATTERY,7,94.553878,33027852.162511,,
BATTERY,7,94.552979,33029612.162511,,
BATTERY,7,94.396329,34001920.000000,,
BATTERY,7,94.394873,34004768.000000,,
BATTERY,7,94.394271,34008509.746971,,
BATTERY,7,94.393359,34010462.746971,,
BATTERY,7,94.393286,34010915.589160,,
BATTERY,7,94.392387,34012675.589160,,
BATTERY,7,94.392025,34014921.069308,,
BATTERY,7,94.391125,34016681.069308,,
BATTERY,7,94.390744,34019049.975768,,
BATTERY,7,94.389844,34020809.975768,,
BATTERY,7,94.388442,34029515.349254,,
BATTERY,7,94.387542,34031275.349254,,
BATTERY,7,94.231418,35000320.000000,,
BATTERY,7,94.229963,35003168.000000,,
BATTERY,7,94.228901,35009759.533647,,
BATTERY,7,94.227989,35011712.533647,,
BATTERY,7,94.227720,35013384.256050,,
BATTERY,7,94.226820,35015144.256050,,
BATTERY,7,94.226127,35019448.269173,,
BATTERY,7,94.225227,35021208.269173,,
BATTERY,7,94.223982,35028938.535997,,
BATTERY,7,94.223082,35030698.535997,,
BATTERY,7,94.066608,36001920.000000,,
BATTERY,7,94.065152,36004768.000000,,
BATTERY,7,94.064424,36009287.442793,,
BATTERY,7,94.063524,36011047.442793,,
BATTERY,7,94.063520,36011072.175970,,
BATTERY,7,94.062621,36012832.175970,,
BATTERY,7,94.062578,36013096.442793,,
BATTERY,7,94.061667,36015049.442793,,
BATTERY,7,94.061255,36017606.562578,,
BATTERY,7,94.060355,36019366.562578,,
BATTERY,7,94.059112,36027081.722739,,
BATTERY,7,94.058213,36028841.722739,,
BATTERY,7,93.901697,37000320.000000,,
BATTERY,7,93.900241,37003168.000000,,
BATTERY,7,93.899447,37008099.106998,,
BATTERY,7,93.898535,37010052.106998,,
BATTERY,7,93.898255,37011790.469375,,
BATTERY,7,93.897356,37013550.469375,,
BATTERY,7,93.896844,37016724.855983,,
BATTERY,7,93.895945,37018484.855983,,
BATTERY,7,93.894653,37026504.909482,,
BATTERY,7,93.893753,37028264.909482,,
BATTERY,7,93.736990,38001280.000000,,
BATTERY,7,93.735534,38004128.000000,,
BATTERY,7,93.734785,38008773.816279,,
BATTERY,7,93.733886,38010533.816279,,
BATTERY,7,93.733877,38010588.762780,,
BATTERY,7,93.732977,38012348.762780,,
BATTERY,7,93.732957,38012477.762780,,
BATTERY,7,93.732045,38014430.762780,,
BATTERY,7,93.731715,38016483.149388,,
BATTERY,7,93.730815,38018243.149388,,
BATTERY,7,93.729268,38027848.096225,,
BATTERY,7,93.728368,38029608.096225,,
BATTERY,7,93.571099,39005760.000000,,
BATTERY,7,93.569643,39008608.000000,,
BATTERY,7,93.569468,39009697.000000,,
BATTERY,7,93.568557,39011650.000000,,
BATTERY,7,93.568216,39013765.003021,,
BATTERY,7,93.567316,39015525.003021,,
BATTERY,7,93.565624,39026027.056185,,
BATTERY,7,93.564725,39027787.056185,,
BATTERY,7,93.564705,39027911.282968,,
BATTERY,7,93.563805,39029671.282968,,
BATTERY,7,93.563748,39030028.056185,,
BATTERY,7,93.562848,39031788.056185,,
BATTERY,7,93.406446,40002560.000000,,
BATTERY,7,93.404990,40005408.000000,,
BATTERY,7,93.404582,40007940.189764,,
BATTERY,7,93.403683,40009700.189764,,
BATTERY,7,93.403610,40010149.189764,,
BATTERY,7,93.402699,40012102.189764,,
BATTERY,7,93.402402,40013945.349590,,
BATTERY,7,93.401503,40015705.349590,,
BATTERY,7,93.401245,40017306.349590,,
BATTERY,7,93.400345,40019066.349590,,
BATTERY,7,93.399168,40026374.469710,,
BATTERY,7,93.398268,40028134.469710,,
BATTERY,7,93.241535,41000960.000000,,
BATTERY,7,93.240079,41003808.000000,,
BATTERY,7,93.239408,41007978.253700,,
BATTERY,7,93.238496,41009931.253700,,
BATTERY,7,93.238394,41010563.376507,,
BATTERY,7,93.237495,41012323.376507,,
BATTERY,7,93.237066,41014983.642995,,
BATTERY,7,93.236167,41016743.642995,,
BATTERY,7,93.235909,41018344.642995,,
BATTERY,7,93.235009,41020104.642995,,
BATTERY,7,93.234143,41025477.656453,,
BATTERY,7,93.233244,41027237.656453,,
BATTERY,7,93.076263,42001600.000000,,
BATTERY,7,93.074808,42004448.000000,,
BATTERY,7,93.074276,42007746.563250,,
BATTERY,7,93.073377,42009506.563250,,
BATTERY,7,93.072951,42012150.936399,,
BATTERY,7,93.072039,42014103.936399,,
BATTERY,7,93.071090,42019996.323008,,
BATTERY,7,93.070190,42021756.323008,,
BATTERY,7,93.069426,42026500.843196,,
BATTERY,7,93.068526,42028260.843196,,
BATTERY,7,92.911298,43004160.000000,,
BATTERY,7,92.909843,43007008.000000,,
BATTERY,7,92.909817,43007169.749992,,
BATTERY,7,92.908917,43008929.749992,,
BATTERY,7,92.908592,43010949.229804,,
BATTERY,7,92.907680,43012902.229804,,
BATTERY,7,92.907040,43016874.616413,,
BATTERY,7,92.906141,43018634.616413,,
BATTERY,7,92.904863,43026564.029939,,
BATTERY,7,92.903964,43028324.029939,,
BATTERY,7,92.747106,44001920.000000,,
BATTERY,7,92.745651,44004768.000000,,
BATTERY,7,92.745099,44008192.936735,,
BATTERY,7,92.744199,44009952.936735,,
BATTERY,7,92.743872,44011987.523209,,
BATTERY,7,92.742960,44013940.523209,,
BATTERY,7,92.742423,44017272.909818,,
BATTERY,7,92.741524,44019032.909818,,
BATTERY,7,92.740352,44026307.216681,,
BATTERY,7,92.739452,44028067.216681,,
BATTERY,7,92.581494,45008497.400403,,
BATTERY,7,92.580583,45010450.400403,,
BATTERY,7,92.580503,45010944.123478,,
BATTERY,7,92.579604,45012704.123478,,
BATTERY,7,92.577902,45023265.000000,,
BATTERY,7,92.577003,45025025.000000,,
BATTERY,7,92.576940,45025410.403424,,
BATTERY,7,92.576041,45027170.403424,,
BATTERY,7,92.575974,45027586.000000,,
BATTERY,7,92.575074,45029346.000000,,
BATTERY,7,92.417609,46006720.000000,,
BATTERY,7,92.416153,46009568.000000,,
BATTERY,7,92.416081,46010017.000000,,
BATTERY,7,92.415169,46011970.000000,,
BATTERY,7,92.414473,46016289.000000,,
BATTERY,7,92.413574,46018049.000000,,
BATTERY,7,92.413316,46019650.000000,,
BATTERY,7,92.412416,46021410.000000,,
BATTERY,7,92.411762,46025473.590167,,
BATTERY,7,92.410862,46027233.590167,,
BATTERY,7,92.253396,47004608.000000,,
BATTERY,7,92.251941,47007456.000000,,
BATTERY,7,92.251476,47010337.000000,,
BATTERY,7,92.250577,47012097.000000,,
BATTERY,7,92.250195,47014466.000000,,
BATTERY,7,92.249284,47016419.000000,,
BATTERY,7,92.247974,47024547.790033,,
BATTERY,7,92.247075,47026307.790033,,
BATTERY,7,92.246322,47030976.776910,,
BATTERY,7,92.245423,47032736.776910,,
BATTERY,7,92.088916,48004160.000000,,
BATTERY,7,92.087460,48007008.000000,,
BATTERY,7,92.087435,48007165.683706,,
BATTERY,7,92.086535,48008925.683706,,
BATTERY,7,92.086431,48009569.000000,,
BATTERY,7,92.085532,48011329.000000,,
BATTERY,7,92.085253,48013058.000000,,
BATTERY,7,92.084342,48015011.000000,,
BATTERY,7,92.084133,48016306.083438,,
BATTERY,7,92.083234,48018066.083438,,
BATTERY,7,92.082072,48025279.963652,,
BATTERY,7,92.081172,48027039.963652,,
BATTERY,7,91.924159,49001600.000000,,
BATTERY,7,91.922704,49004448.000000,,
BATTERY,7,91.922256,49007228.870449,,
BATTERY,7,91.921356,49008988.870449,,
BATTERY,7,91.921321,49009209.990234,,
BATTERY,7,91.920421,49010969.990234,,
BATTERY,7,91.920039,49013338.990234,,
BATTERY,7,91.919128,49015291.990234,,
BATTERY,7,91.917509,49025343.150395,,
BATTERY,7,91.916609,49027103.150395,,
BATTERY,7,91.759091,50004800.000000,,
BATTERY,7,91.757636,50007648.000000,,
BATTERY,7,91.757615,50007777.000000,,
BATTERY,7,91.756703,50009730.000000,,
BATTERY,7,91.756472,50011169.000000,,
BATTERY,7,91.755572,50012929.000000,,
BATTERY,7,91.755157,50015502.670248,,
BATTERY,7,91.754258,50017262.670248,,
BATTERY,7,91.753100,50024446.337138,,
BATTERY,7,91.752201,50026206.337138,,
BATTERY,7,91.594745,51003520.000000,,
BATTERY,7,91.593289,51006368.000000,,
BATTERY,7,91.593233,51006715.243934,,
BATTERY,7,91.592334,51008475.243934,,
BATTERY,7,91.591802,51011778.000000,,
BATTERY,7,91.590890,51013731.000000,,
BATTERY,7,91.590644,51015260.963653,,
BATTERY,7,91.589744,51017020.963653,,
BATTERY,7,91.588692,51023549.523881,,
BATTERY,7,91.587793,51025309.523881,,
BATTERY,7,91.430605,52000960.000000,,
BATTERY,7,91.429149,52003808.000000,,
BATTERY,7,91.428928,52005178.430677,,
BATTERY,7,91.428029,52006938.430677,,
BATTERY,7,91.427779,52008484.870449,,
BATTERY,7,91.426880,52010244.870449,,
BATTERY,7,91.426808,52010693.870449,,
BATTERY,7,91.425896,52012646.870449,,
BATTERY,7,91.425566,52014699.257057,,
BATTERY,7,91.424666,52016459.257057,,
BATTERY,7,91.423410,52024252.710624,,
BATTERY,7,91.422511,52026012.710624,,
BATTERY,7,91.265384,53001280.000000,,
BATTERY,7,91.263929,53004128.000000,,
BATTERY,7,91.263801,53004921.617420,,
BATTERY,7,91.262901,53006681.617420,,
BATTERY,7,91.262804,53007283.163854,,
BATTERY,7,91.261905,53009043.163854,,
BATTERY,7,91.261523,53011412.163854,,
BATTERY,7,91.260612,53013365.163854,,
BATTERY,7,91.260487,53014137.550462,,
BATTERY,7,91.259588,53015897.550462,,
BATTERY,7,91.258438,53023035.897366,,
BATTERY,7,91.257538,53024795.897366,,
BATTERY,7,91.099597,54005120.000000,,
BATTERY,7,91.098141,54007968.000000,,
BATTERY,7,91.097863,54009697.000000,,
BATTERY,7,91.096951,54011650.000000,,
BATTERY,7,91.096802,54012577.000000,,
BATTERY,7,91.095903,54014337.000000,,
BATTERY,7,91.095078,54019458.000000,,
BATTERY,7,91.094178,54021218.000000,,
BATTERY,7,91.093720,54024059.084109,,
BATTERY,7,91.092821,54025819.084109,,
BATTERY,7,91.035661,54380602.000000,,
BATTERY,7,91.035661,54380602.000000,,
BATTERY,7,90.935663,55001280.000000,,
BATTERY,7,90.934207,55004128.000000,,
BATTERY,7,90.934162,55004407.990906,,
BATTERY,7,90.933263,55006167.990906,,
BATTERY,7,90.932885,55008515.267159,,
BATTERY,7,90.931973,55010468.267159,,
BATTERY,7,90.931563,55013014.137272,,
BATTERY,7,90.930663,55014774.137272,,
BATTERY,7,90.929518,55021882.270852,,
BATTERY,7,90.928619,55023642.270852,,
BATTERY,7,90.912541,55123435.000000,,
BATTERY,7,90.911570,55125516.000000,,
BATTERY,7,90.770371,56001920.000000,,
BATTERY,7,90.768916,56004768.000000,,
BATTERY,7,90.768576,56006878.044069,,
BATTERY,7,90.767676,56008638.044069,,
BATTERY,7,90.767501,56009727.044069,,
BATTERY,7,90.766589,56011680.044069,,
BATTERY,7,90.766259,56013732.430677,,
BATTERY,7,90.765359,56015492.430677,,
BATTERY,7,90.764320,56021945.457595,,
BATTERY,7,90.763420,56023705.457595,,
BATTERY,7,90.605406,57004480.000000,,
BATTERY,7,90.603951,57007328.000000,,
BATTERY,7,90.603724,57008737.000000,,
BATTERY,7,90.602812,57010690.000000,,
BATTERY,7,90.602632,57011809.000000,,
BATTERY,7,90.601732,57013569.000000,,
BATTERY,7,90.600907,57018690.000000,,
BATTERY,7,90.600008,57020450.000000,,
BATTERY,7,90.599757,57022008.644337,,
BATTERY,7,90.598857,57023768.644337,,
BATTERY,7,90.582083,57127884.000000,,
BATTERY,7,90.582083,57127884.000000,,
BATTERY,7,90.505433,57603640.000000,,
BATTERY,7,90.505433,57603640.000000,,
BATTERY,7,90.441318,58001600.000000,,
BATTERY,7,90.439862,58004448.000000,,
BATTERY,7,90.439735,58005237.551134,,
BATTERY,7,90.438835,58006997.551134,,
BATTERY,7,90.438829,58007034.630879,,
BATTERY,7,90.437930,58008794.630879,,
BATTERY,7,90.437857,58009243.630879,,
BATTERY,7,90.436946,58011196.630879,,
BATTERY,7,90.436615,58013249.017487,,
BATTERY,7,90.435716,58015009.017487,,
BATTERY,7,90.434681,58021431.831080,,
BATTERY,7,90.433781,58023191.831080,,
BATTERY,7,90.276201,59001280.000000,,
BATTERY,7,90.274745,59004128.000000,,
BATTERY,7,90.274608,59004980.737877,,
BATTERY,7,90.273708,59006740.737877,,
BATTERY,7,90.273700,59006792.924284,,
BATTERY,7,90.272800,59008552.924284,,
BATTERY,7,90.272625,59009641.924284,,
BATTERY,7,90.271713,59011594.924284,,
BATTERY,7,90.271589,59012367.310892,,
BATTERY,7,90.270689,59014127.310892,,
BATTERY,7,90.269296,59022775.017823,,
BATTERY,7,90.268396,59024535.017823,,
BATTERY,7,90.110877,60002240.000000,,
BATTERY,7,90.109422,60005088.000000,,
BATTERY,7,90.108906,60008289.000000,,
BATTERY,7,90.108006,60010049.000000,,
BATTERY,7,90.107676,60012098.000000,,
BATTERY,7,90.106765,60014051.000000,,
BATTERY,7,90.105658,60020918.204566,,
BATTERY,7,90.104759,60022678.204566,,
BATTERY,7,89.947095,61001280.000000,,
BATTERY,7,89.945640,61004128.000000,,
BATTERY,7,89.945433,61005409.000000,,
BATTERY,7,89.944534,61007169.000000,,
BATTERY,7,89.944410,61007938.000000,,
BATTERY,7,89.943498,61009891.000000,,
BATTERY,7,89.943177,61011883.897702,,
BATTERY,7,89.942278,61013643.897702,,
BATTERY,7,89.940941,61021941.391308,,
BATTERY,7,89.940041,61023701.391308,,
BATTERY,7,89.782491,62001600.000000,,
BATTERY,7,89.781035,62004448.000000,,
BATTERY,7,89.780635,62006931.298105,,
BATTERY,7,89.779736,62008691.298105,,
BATTERY,7,89.779406,62010740.298105,,
BATTERY,7,89.778494,62012693.298105,,
BATTERY,7,89.777097,62021364.578051,,
BATTERY,7,89.776198,62023124.578051,,
BATTERY,7,89.618657,63000960.000000,,
BATTERY,7,89.617202,63003808.000000,,
BATTERY,7,89.616944,63005409.000000,,
BATTERY,7,89.616044,63007169.000000,,
BATTERY,7,89.615972,63007618.000000,,
BATTERY,7,89.615061,63009571.000000,,
BATTERY,7,89.614663,63012040.484512,,
BATTERY,7,89.613763,63013800.484512,,
BATTERY,7,89.612637,63020787.764794,,
BATTERY,7,89.611738,63022547.764794,,
BATTERY,7,89.490382,63775790.000000,,
BATTERY,7,89.490382,63775790.000000,,
BATTERY,7,89.453950,64001920.000000,,
BATTERY,7,89.452495,64004768.000000,,
BATTERY,7,89.452288,64006049.000000,,
BATTERY,7,89.451389,64007809.000000,,
BATTERY,7,89.451058,64009858.000000,,
BATTERY,7,89.450147,64011811.000000,,
BATTERY,7,89.449479,64015958.777917,,
BATTERY,7,89.448579,64017718.777917,,
BATTERY,7,89.448023,64021170.951537,,
BATTERY,7,89.447124,64022930.951537,,
BATTERY,7,89.289294,65002560.000000,,
BATTERY,7,89.287839,65005408.000000,,
BATTERY,7,89.287684,65006369.000000,,
BATTERY,7,89.286784,65008129.000000,,
BATTERY,7,89.286712,65008578.000000,,
BATTERY,7,89.285801,65010531.000000,,
BATTERY,7,89.285687,65011237.071322,,
BATTERY,7,89.284787,65012997.071322,,
BATTERY,7,89.283460,65021234.138279,,
BATTERY,7,89.282561,65022994.138279,,
BATTERY,7,89.203084,65516299.000000,,
BATTERY,7,89.203084,65516299.000000,,
BATTERY,7,89.124848,66001903.045076,,
BATTERY,7,89.123948,66003663.045076,,
BATTERY,7,89.123409,66007009.000000,,
BATTERY,7,89.122509,66008769.000000,,
BATTERY,7,89.122334,66009858.000000,,
BATTERY,7,89.121423,66011811.000000,,
BATTERY,7,89.120368,66018355.364727,,
BATTERY,7,89.119469,66020115.364727,,
BATTERY,7,88.961341,67001600.000000,,
BATTERY,7,88.959885,67004448.000000,,
BATTERY,7,88.959472,67007009.000000,,
BATTERY,7,88.958573,67008769.000000,,
BATTERY,7,88.958243,67010818.000000,,
BATTERY,7,88.957331,67012771.000000,,
BATTERY,7,88.956257,67019440.511765,,
BATTERY,7,88.955357,67021200.511765,,
BATTERY,7,88.797489,68001069.418561,,
BATTERY,7,88.796590,68002829.418561,,
BATTERY,7,88.795943,68006842.493942,,
BATTERY,7,88.795032,68008795.493942,,
BATTERY,7,88.793721,68016929.000000,,
BATTERY,7,88.792822,68018689.000000,,
BATTERY,7,88.792564,68020290.000000,,
BATTERY,7,88.791664,68022050.000000,,
BATTERY,7,88.633796,69001920.000000,,
BATTERY,7,88.632341,69004768.000000,,
BATTERY,7,88.631980,69007009.000000,,
BATTERY,7,88.631080,69008769.000000,,
BATTERY,7,88.630699,69011138.000000,,
BATTERY,7,88.629787,69013091.000000,,
BATTERY,7,88.628898,69018606.885250,,
BATTERY,7,88.627999,69020366.885250,,
BATTERY,7,88.627630,69022658.000000,,
BATTERY,7,88.626730,69024418.000000,,
BATTERY,7,88.469360,70001195.792047,,
BATTERY,7,88.468461,70002955.792047,,
BATTERY,7,88.467808,70007009.000000,,
BATTERY,7,88.466908,70008769.000000,,
BATTERY,7,88.466578,70010818.000000,,
BATTERY,7,88.465667,70012771.000000,,
BATTERY,7,88.464510,70019950.071993,,
BATTERY,7,88.463611,70021710.071993,,
BATTERY,7,88.305688,71001920.000000,,
BATTERY,7,88.304232,71004768.000000,,
BATTERY,7,88.304026,71006049.000000,,
BATTERY,7,88.303126,71007809.000000,,
BATTERY,7,88.303106,71007938.000000,,
BATTERY,7,88.302194,71009891.000000,,
BATTERY,7,88.301489,71014266.831752,,
BATTERY,7,88.300590,71016026.831752,,
BATTERY,7,88.299947,71020013.258736,,
BATTERY,7,88.299048,71021773.258736,,
BATTERY,7,88.141438,72000042.165532,,
BATTERY,7,88.140538,72001802.165532,,
BATTERY,7,88.139906,72005729.000000,,
BATTERY,7,88.139006,72007489.000000,,
BATTERY,7,88.138676,72009538.000000,,
BATTERY,7,88.137765,72011491.000000,,
BATTERY,7,88.137356,72014025.125156,,
BATTERY,7,88.136457,72015785.125156,,
BATTERY,7,88.135868,72019436.445479,,
BATTERY,7,88.134969,72021196.445479,,
BATTERY,7,87.977153,73000745.352275,,
BATTERY,7,87.976253,73002505.352275,,
BATTERY,7,87.975424,73007649.000000,,
BATTERY,7,87.974525,73009409.000000,,
BATTERY,7,87.974298,73010818.000000,,
BATTERY,7,87.973386,73012771.000000,,
BATTERY,7,87.973258,73013570.000000,,
BATTERY,7,87.972358,73015330.000000,,
BATTERY,7,87.971738,73019179.632221,,
BATTERY,7,87.970838,73020939.632221,,
BATTERY,7,87.813125,73999848.539018,,
BATTERY,7,87.812226,74001608.539018,,
BATTERY,7,87.811768,74004449.000000,,
BATTERY,7,87.810869,74006209.000000,,
BATTERY,7,87.810641,74007621.213996,,
BATTERY,7,87.809730,74009574.213996,,
BATTERY,7,87.808481,74017322.818964,,
BATTERY,7,87.807582,74019082.818964,,
BATTERY,7,87.807165,74021669.711966,,
BATTERY,7,87.806265,74023429.711966,,
BATTERY,7,87.648789,75000871.725761,,
BATTERY,7,87.647889,75002631.725761,,
BATTERY,7,87.647081,75007649.000000,,
BATTERY,7,87.646181,75009409.000000,,
BATTERY,7,87.645387,75014338.000000,,
BATTERY,7,87.644476,75016291.000000,,
BATTERY,7,87.644402,75016746.005707,,
BATTERY,7,87.643503,75018506.005707,,
BATTERY,7,87.642958,75021890.000000,,
BATTERY,7,87.642058,75023650.000000,,
BATTERY,7,87.484967,75998694.912503,,
BATTERY,7,87.484068,76000454.912503,,
BATTERY,7,87.483935,76001280.000000,,
BATTERY,7,87.482479,76004128.000000,,
BATTERY,7,87.482015,76007009.000000,,
BATTERY,7,87.481116,76008769.000000,,
BATTERY,7,87.481043,76009218.000000,,
BATTERY,7,87.480132,76011171.000000,,
BATTERY,7,87.479694,76013890.000000,,
BATTERY,7,87.478794,76015650.000000,,
BATTERY,7,87.478401,76018089.192450,,
BATTERY,7,87.477502,76019849.192450,,
BATTERY,7,87.319737,76999078.099246,,
BATTERY,7,87.318837,77000838.099246,,
BATTERY,7,87.318450,77003243.205573,,
BATTERY,7,87.316994,77006091.205573,,
BATTERY,7,87.316814,77007210.574023,,
BATTERY,7,87.315903,77009163.574023,,
BATTERY,7,87.315417,77012176.592181,,
BATTERY,7,87.314518,77013936.592181,,
BATTERY,7,87.313787,77018472.379192,,
BATTERY,7,87.312887,77020232.379192,,
BATTERY,7,87.155020,78000101.285989,,
BATTERY,7,87.154120,78001861.285989,,
BATTERY,7,87.153885,78003321.498978,,
BATTERY,7,87.152429,78006169.498978,,
BATTERY,7,87.152325,78006814.885586,,
BATTERY,7,87.151426,78008574.885586,,
BATTERY,7,87.151405,78008703.885586,,
BATTERY,7,87.150493,78010656.885586,,
BATTERY,7,87.149276,78018215.565935,,
BATTERY,7,87.148376,78019975.565935,,
BATTERY,7,86.990766,78998244.472732,,
BATTERY,7,86.989866,79000004.472732,,
BATTERY,7,86.989706,79000998.792383,,
BATTERY,7,86.988807,79002758.792383,,
BATTERY,7,86.988549,79004359.792383,,
BATTERY,7,86.987093,79007207.792383,,
BATTERY,7,86.986763,79009256.792383,,
BATTERY,7,86.985852,79011209.792383,,
BATTERY,7,86.985568,79012968.792383,,
BATTERY,7,86.984669,79014728.792383,,
BATTERY,7,86.984200,79017638.752678,,
BATTERY,7,86.983300,79019398.752678,,
BATTERY,7,86.825484,79998947.659474,,
BATTERY,7,86.824585,80000707.659474,,
BATTERY,7,86.824525,80001077.085788,,
BATTERY,7,86.823625,80002837.085788,,
BATTERY,7,86.823419,80004118.085788,,
BATTERY,7,86.821963,80006966.085788,,
BATTERY,7,86.821757,80008247.085788,,
BATTERY,7,86.820857,80010007.085788,,
BATTERY,7,86.820682,80011096.085788,,
BATTERY,7,86.819771,80013049.085788,,
BATTERY,7,86.819176,80016741.939421,,
BATTERY,7,86.818276,80018501.939421,,
BATTERY,7,86.660511,80997730.846217,,
BATTERY,7,86.659612,80999490.846217,,
BATTERY,7,86.659601,80999555.379193,,
BATTERY,7,86.658702,81001315.379193,,
BATTERY,7,86.658238,81004196.379193,,
BATTERY,7,86.656782,81007044.379193,,
BATTERY,7,86.656555,81008453.379193,,
BATTERY,7,86.655644,81010406.379193,,
BATTERY,7,86.654767,81015845.126163,,
BATTERY,7,86.653868,81017605.126163,,
BATTERY,7,86.653589,81019333.379193,,
BATTERY,7,86.652690,81021093.379193,,
BATTERY,7,86.495229,81998434.032960,,
BATTERY,7,86.494330,82000194.032960,,
BATTERY,7,86.493879,82002994.672598,,
BATTERY,7,86.492423,82005842.672598,,
BATTERY,7,86.492279,82006739.507401,,
BATTERY,7,86.491367,82008692.507401,,
BATTERY,7,86.491311,82009043.672598,,
BATTERY,7,86.490411,82010803.672598,,
BATTERY,7,86.489692,82015268.312906,,
BATTERY,7,86.488792,82017028.312906,,
BATTERY,7,86.330718,82998177.219703,,
BATTERY,7,86.329819,82999937.219703,,
BATTERY,7,86.329468,83002112.966002,,
BATTERY,7,86.328012,83004960.966002,,
BATTERY,7,86.327857,83005926.352611,,
BATTERY,7,86.326957,83007686.352611,,
BATTERY,7,86.326937,83007815.352611,,
BATTERY,7,86.326025,83009768.352611,,
BATTERY,7,86.325077,83015651.499649,,
BATTERY,7,86.324178,83017411.499649,,
BATTERY,7,86.166155,83998240.406445,,
BATTERY,7,86.165256,84000000.406445,,
BATTERY,7,86.164800,84002831.259407,,
BATTERY,7,86.163344,84005679.259407,,
BATTERY,7,86.162977,84007959.080752,,
BATTERY,7,86.162065,84009912.080752,,
BATTERY,7,86.161458,84013680.259407,,
BATTERY,7,86.160559,84015440.259407,,
BATTERY,7,86.002312,84997663.593188,,
BATTERY,7,86.001412,84999423.593188,,
BATTERY,7,86.000902,85002589.552812,,
BATTERY,7,85.999446,85005437.552812,,
BATTERY,7,85.999137,85007358.552812,,
BATTERY,7,85.998237,85009118.552812,,
BATTERY,7,85.997443,85014047.552812,,
BATTERY,7,85.996532,85016000.552812,,
BATTERY,7,85.994949,85025825.873134,,
BATTERY,7,85.994049,85027585.873134,,
BATTERY,7,85.837646,85998366.779931,,
BATTERY,7,85.836746,86000126.779931,,
BATTERY,7,85.836234,86003307.846217,,
BATTERY,7,85.834778,86006155.846217,,
BATTERY,7,85.834572,86007436.846217,,
BATTERY,7,85.833672,86009196.846217,,
BATTERY,7,85.832981,86013485.846217,,
BATTERY,7,85.832070,86015438.846217,,
BATTERY,7,85.832005,86015841.059877,,
BATTERY,7,85.831105,86017601.059877,,
BATTERY,7,85.673444,86996189.966674,,
BATTERY,7,85.672544,86997949.966674,,
BATTERY,7,85.672468,86998425.139622,,
BATTERY,7,85.671568,87000185.139622,,
BATTERY,7,85.671155,87002746.139622,,
BATTERY,7,85.669700,87005594.139622,,
BATTERY,7,85.669339,87007835.139622,,
BATTERY,7,85.668439,87009595.139622,,
BATTERY,7,85.668109,87011644.139622,,
BATTERY,7,85.667198,87013597.139622,,
BATTERY,7,85.667032,87014624.246620,,
BATTERY,7,85.666133,87016384.246620,,
BATTERY,7,85.508059,87997533.153416,,
BATTERY,7,85.507159,87999293.153416,,
BATTERY,7,85.506590,88002824.433027,,
BATTERY,7,85.505135,88005672.433027,,
BATTERY,7,85.504877,88007273.433027,,
BATTERY,7,85.503977,88009033.433027,,
BATTERY,7,85.503630,88011185.592181,,
BATTERY,7,85.502719,88013138.592181,,
BATTERY,7,85.502469,88014687.433363,,
BATTERY,7,85.501570,88016447.433363,,
BATTERY,7,85.343857,88995356.340159,,
BATTERY,7,85.342957,88997116.340159,,
BATTERY,7,85.342876,88997621.726432,,
BATTERY,7,85.341976,88999381.726432,,
BATTERY,7,85.341773,89000640.000000,,
BATTERY,7,85.340318,89003488.000000,,
BATTERY,7,85.340004,89005436.113041,,
BATTERY,7,85.339104,89007196.113041,,
BATTERY,7,85.339084,89007325.113041,,
BATTERY,7,85.338172,89009278.113041,,
BATTERY,7,85.337548,89013150.620105,,
BATTERY,7,85.336649,89014910.620105,,
BATTERY,7,85.178729,89995099.526902,,
BATTERY,7,85.177830,89996859.526902,,
BATTERY,7,85.177591,89998340.019837,,
BATTERY,7,85.176692,90000100.019837,,
BATTERY,7,85.176434,90001701.019837,,
BATTERY,7,85.174978,90004549.019837,,
BATTERY,7,85.174561,90007137.800806,,
BATTERY,7,85.173650,90009090.800806,,
BATTERY,7,85.173037,90012893.806848,,
BATTERY,7,85.172137,90014653.806848,,
BATTERY,7,85.013857,90997082.713645,,
BATTERY,7,85.012958,90998842.713645,,
BATTERY,7,85.012923,90999058.313242,,
BATTERY,7,85.012023,91000818.313242,,
BATTERY,7,85.011508,91004019.313242,,
BATTERY,7,85.010052,91006867.313242,,
BATTERY,7,85.009485,91010388.313242,,
BATTERY,7,85.008585,91012148.313242,,
BATTERY,7,85.008461,91012917.313242,,
BATTERY,7,85.007550,91014870.313242,,
BATTERY,7,85.007136,91017436.993591,,
BATTERY,7,85.006237,91019196.993591,,
BATTERY,7,84.848782,91996505.900387,,
BATTERY,7,84.847882,91998265.900387,,
BATTERY,7,84.847845,91998496.606647,,
BATTERY,7,84.846945,92000256.606647,,
BATTERY,7,84.846430,92003457.606647,,
BATTERY,7,84.844974,92006305.606647,,
BATTERY,7,84.844902,92006754.606647,,
BATTERY,7,84.843990,92008707.606647,,
BATTERY,7,84.843913,92009186.606647,,
BATTERY,7,84.843013,92010946.606647,,
BATTERY,7,84.842679,92013020.180334,,
BATTERY,7,84.841780,92014780.180334,,
BATTERY,7,84.683706,92995929.087130,,
BATTERY,7,84.682806,92997689.087130,,
BATTERY,7,84.682715,92998254.900052,,
BATTERY,7,84.681816,93000014.900052,,
BATTERY,7,84.681351,93002895.900052,,
BATTERY,7,84.679896,93005743.900052,,
BATTERY,7,84.679325,93009287.160832,,
BATTERY,7,84.678413,93011240.160832,,
BATTERY,7,84.678319,93011824.900052,,
BATTERY,7,84.677420,93013584.900052,,
BATTERY,7,84.519091,93996312.273873,,
BATTERY,7,84.518192,93998072.273873,,
BATTERY,7,84.517727,94000960.000000,,
BATTERY,7,84.516271,94003808.000000,,
BATTERY,7,84.515858,94006369.000000,,
BATTERY,7,84.514959,94008129.000000,,
BATTERY,7,84.514877,94008636.632557,,
BATTERY,7,84.513966,94010589.632557,,
BATTERY,7,84.513451,94013786.553819,,
BATTERY,7,84.512551,94015546.553819,,
BATTERY,7,84.354941,94993815.460616,,
BATTERY,7,84.354041,94995575.460616,,
BATTERY,7,84.353636,94998091.486862,,
BATTERY,7,84.352737,94999851.486862,,
BATTERY,7,84.352352,95002240.000000,,
BATTERY,7,84.350896,95005088.000000,,
BATTERY,7,84.350690,95006369.000000,,
BATTERY,7,84.349790,95008129.000000,,
BATTERY,7,84.349716,95008586.734184,,
BATTERY,7,84.348805,95010539.734184,,
BATTERY,7,84.348272,95013849.740562,,
BATTERY,7,84.347372,95015609.740562,,
BATTERY,7,84.189659,95994518.647358,,
BATTERY,7,84.188759,95996278.647358,,
BATTERY,7,84.188558,95997529.780267,,
BATTERY,7,84.187658,95999289.780267,,
BATTERY,7,84.187492,96000320.000000,,
BATTERY,7,84.186037,96003168.000000,,
BATTERY,7,84.185779,96004769.000000,,
BATTERY,7,84.184879,96006529.000000,,
BATTERY,7,84.184807,96006978.000000,,
BATTERY,7,84.183896,96008931.000000,,
BATTERY,7,84.183299,96012632.927305,,
BATTERY,7,84.182400,96014392.927305,,
BATTERY,7,84.024686,96993301.834101,,
BATTERY,7,84.023787,96995061.834101,,
BATTERY,7,84.023377,96997608.073672,,
BATTERY,7,84.022477,96999368.073672,,
BATTERY,7,84.022117,97001600.000000,,
BATTERY,7,84.020662,97004448.000000,,
BATTERY,7,84.020404,97006049.000000,,
BATTERY,7,84.019504,97007809.000000,,
BATTERY,7,84.019174,97009858.000000,,
BATTERY,7,84.018263,97011811.000000,,
BATTERY,7,84.018120,97012696.114048,,
BATTERY,7,84.017221,97014456.114048,,
BATTERY,7,83.859456,97993685.020844,,
BATTERY,7,83.858556,97995445.020844,,
BATTERY,7,83.858556,97995446.367077,,
BATTERY,7,83.857657,97997206.367077,,
BATTERY,7,83.856949,98001600.000000,,
BATTERY,7,83.855493,98004448.000000,,
BATTERY,7,83.854977,98007649.000000,,
BATTERY,7,83.854078,98009409.000000,,
BATTERY,7,83.853847,98010839.300790,,
BATTERY,7,83.852948,98012599.300790,,
BATTERY,7,83.852721,98014008.300790,,
BATTERY,7,83.851810,98015961.300790,,
BATTERY,7,83.694071,98995028.207587,,
BATTERY,7,83.693171,98996788.207587,,
BATTERY,7,83.692242,99002560.000000,,
BATTERY,7,83.690786,99005408.000000,,
BATTERY,7,83.690551,99006865.880886,,
BATTERY,7,83.689640,99008818.880886,,
BATTERY,7,83.689570,99009249.000000,,
BATTERY,7,83.688671,99011009.000000,,
BATTERY,7,83.530433,99993171.394329,,
BATTERY,7,83.529534,99994931.394329,,
BATTERY,7,83.529477,99995282.953887,,
BATTERY,7,83.528578,99997042.953887,,
BATTERY,7,83.528578,99997043.953887,,
