TRANSMITPACKET,1,2,0.000000,10.120000,OSPF_HELLO,2,
TRANSMITPACKET,2,1,0.000000,10.120000,OSPF_HELLO,2,
TRANSMITPACKET,1,4,6881.000000,8769.000000,DIO,2,
TRANSMITPACKET,1,5,6881.000000,8769.000000,DIO,2,
TRANSMITPACKET,1,7,6881.000000,8769.000000,DIO,2,
TRANSMITPACKET,4,1,10369.000000,12129.000000,DAO,1,
TRANSMITPACKET,7,1,13377.000000,15137.000000,DAO,2,
TRANSMITPACKET,4,1,16186.000000,18074.000000,DIO,1,
TRANSMITPACKET,4,6,16186.000000,18074.000000,DIO,2,
TRANSMITPACKET,4,7,16186.000000,18074.000000,DIO,1,
TRANSMITPACKET,5,8,16802.000000,18690.000000,DIO,2,
TRANSMITPACKET,6,4,18714.000000,20474.000000,DAO,1,
TRANSMITPACKET,1,5,19011.000000,20899.000000,DIO,2,
TRANSMITPACKET,1,7,19011.000000,20899.000000,DIO,1,
TRANSMITPACKET,8,5,20930.000000,22690.000000,DAO,2,
TRANSMITPACKET,6,4,23393.000000,25281.000000,DIO,1,
TRANSMITPACKET,7,1,23460.000000,25348.000000,DIO,2,
TRANSMITPACKET,7,5,23460.000000,25348.000000,DIO,2,
TRANSMITPACKET,7,8,23460.000000,25348.000000,DIO,2,
TRANSMITPACKET,5,1,25988.000000,27748.000000,DAO,2,
TRANSMITPACKET,8,7,25989.000000,27877.000000,DIO,1,
TRANSMITPACKET,4,1,30681.000000,32569.000000,DIO,2,
TRANSMITPACKET,4,6,30681.000000,32569.000000,DIO,2,
TRANSMITPACKET,4,7,30681.000000,32569.000000,DIO,1,
TRANSMITPACKET,7,1,33799.000000,35687.000000,DIO,2,
TRANSMITPACKET,7,4,33799.000000,35687.000000,DIO,2,
TRANSMITPACKET,7,5,33799.000000,35687.000000,DIO,1,
TRANSMITPACKET,7,6,33799.000000,35687.000000,DIO,2,
TRANSMITPACKET,5,1,36328.000000,38216.000000,DIO,2,
TRANSMITPACKET,5,7,36328.000000,38216.000000,DIO,1,
TRANSMITPACKET,5,8,36328.000000,38216.000000,DIO,2,
TRANSMITPACKET,6,4,41255.000000,43143.000000,DIO,2,
TRANSMITPACKET,6,7,41255.000000,43143.000000,DIO,1,
TRANSMITPACKET,8,5,43084.000000,44972.000000,DIO,2,
TRANSMITPACKET,4,1,44104.000000,45864.000000,DAO,1,
TRANSMITPACKET,5,7,45613.000000,47501.000000,DIO,1,
TRANSMITPACKET,5,8,45613.000000,47501.000000,DIO,2,
TRANSMITPACKET,4,1,48105.000000,49993.000000,DIO,2,
TRANSMITPACKET,4,6,48105.000000,49993.000000,DIO,2,
TRANSMITPACKET,4,7,48105.000000,49993.000000,DIO,2,
TRANSMITPACKET,7,1,54269.000000,56157.000000,DIO,2,
TRANSMITPACKET,7,4,54269.000000,56157.000000,DIO,2,
TRANSMITPACKET,7,5,54269.000000,56157.000000,DIO,2,
TRANSMITPACKET,7,6,54269.000000,56157.000000,DIO,2,
TRANSMITPACKET,7,8,54269.000000,56157.000000,DIO,2,
TRANSMITPACKET,4,1,57438.000000,59326.000000,DIO,2,
TRANSMITPACKET,4,6,57438.000000,59326.000000,DIO,2,
TRANSMITPACKET,4,7,57438.000000,59326.000000,DIO,2,
TRANSMITPACKET,6,4,59967.000000,61855.000000,DIO,1,
TRANSMITPACKET,6,7,59967.000000,61855.000000,DIO,1,
TRANSMITPACKET,1,5,60607.000000,62495.000000,DIO,2,
TRANSMITPACKET,5,1,73643.000000,75531.000000,DIO,2,
TRANSMITPACKET,5,7,73643.000000,75531.000000,DIO,2,
TRANSMITPACKET,5,8,73643.000000,75531.000000,DIO,2,
TRANSMITPACKET,8,5,82365.000000,84253.000000,DIO,2,
TRANSMITPACKET,8,7,82365.000000,84253.000000,DIO,2,
TRANSMITPACKET,4,1,85320.000000,87208.000000,DIO,2,
TRANSMITPACKET,4,6,85320.000000,87208.000000,DIO,2,
TRANSMITPACKET,4,7,85320.000000,87208.000000,DIO,2,
TRANSMITPACKET,6,4,91249.000000,93137.000000,DIO,2,
TRANSMITPACKET,6,7,91249.000000,93137.000000,DIO,2,
TRANSMITPACKET,1,4,102901.000000,104789.000000,DIO,2,
TRANSMITPACKET,1,5,102901.000000,104789.000000,DIO,2,
TRANSMITPACKET,1,7,102901.000000,104789.000000,DIO,2,
TRANSMITPACKET,7,1,118243.000000,120131.000000,DIO,2,
TRANSMITPACKET,7,4,118243.000000,120131.000000,DIO,2,
TRANSMITPACKET,7,5,118243.000000,120131.000000,DIO,2,
TRANSMITPACKET,7,6,118243.000000,120131.000000,DIO,2,
TRANSMITPACKET,7,8,118243.000000,120131.000000,DIO,2,
TRANSMITPACKET,5,1,125517.000000,127405.000000,DIO,2,
TRANSMITPACKET,5,7,125517.000000,127405.000000,DIO,2,
TRANSMITPACKET,5,8,125517.000000,127405.000000,DIO,2,
TRANSMITPACKET,8,5,136656.000000,138544.000000,DIO,2,
TRANSMITPACKET,8,7,136656.000000,138544.000000,DIO,1,
TRANSMITPACKET,6,4,137568.000000,139456.000000,DIO,2,
TRANSMITPACKET,4,1,150502.000000,152390.000000,DIO,2,
TRANSMITPACKET,4,6,150502.000000,152390.000000,DIO,2,
TRANSMITPACKET,4,7,150502.000000,152390.000000,DIO,2,
TRANSMITPACKET,1,4,199292.000000,201180.000000,DIO,2,
TRANSMITPACKET,1,5,199292.000000,201180.000000,DIO,2,
TRANSMITPACKET,1,7,199292.000000,201180.000000,DIO,2,
TRANSMITPACKET,4,1,223792.000000,225680.000000,DIO,2,
TRANSMITPACKET,4,6,223792.000000,225680.000000,DIO,2,
TRANSMITPACKET,4,7,223792.000000,225680.000000,DIO,2,
TRANSMITPACKET,8,5,242255.000000,244143.000000,DIO,2,
TRANSMITPACKET,8,7,242255.000000,244143.000000,DIO,2,
TRANSMITPACKET,7,1,245424.000000,247312.000000,DIO,2,
TRANSMITPACKET,7,4,245424.000000,247312.000000,DIO,2,
TRANSMITPACKET,7,5,245424.000000,247312.000000,DIO,2,
TRANSMITPACKET,7,6,245424.000000,247312.000000,DIO,2,
TRANSMITPACKET,7,8,245424.000000,247312.000000,DIO,2,
TRANSMITPACKET,5,1,247633.000000,249521.000000,DIO,2,
TRANSMITPACKET,5,7,247633.000000,249521.000000,DIO,2,
TRANSMITPACKET,5,8,247633.000000,249521.000000,DIO,2,
TRANSMITPACKET,6,4,249873.000000,251761.000000,DIO,2,
TRANSMITPACKET,6,7,249873.000000,251761.000000,DIO,2,
TRANSMITPACKET,5,1,414503.000000,416391.000000,DIO,2,
TRANSMITPACKET,5,7,414503.000000,416391.000000,DIO,2,
TRANSMITPACKET,5,8,414503.000000,416391.000000,DIO,2,
TRANSMITPACKET,8,5,419773.000000,421661.000000,DIO,2,
TRANSMITPACKET,8,7,419773.000000,421661.000000,DIO,2,
TRANSMITPACKET,7,1,447678.000000,449566.000000,DIO,2,
TRANSMITPACKET,7,4,447678.000000,449566.000000,DIO,2,
TRANSMITPACKET,7,5,447678.000000,449566.000000,DIO,2,
TRANSMITPACKET,7,6,447678.000000,449566.000000,DIO,2,
TRANSMITPACKET,7,8,447678.000000,449566.000000,DIO,2,
TRANSMITPACKET,4,1,478889.000000,480777.000000,DIO,2,
TRANSMITPACKET,4,6,478889.000000,480777.000000,DIO,2,
TRANSMITPACKET,4,7,478889.000000,480777.000000,DIO,2,
TRANSMITPACKET,1,4,488878.000000,490766.000000,DIO,1,
TRANSMITPACKET,1,5,488878.000000,490766.000000,DIO,2,
TRANSMITPACKET,1,7,488878.000000,490766.000000,DIO,1,
TRANSMITPACKET,5,1,811957.000000,813845.000000,DIO,2,
TRANSMITPACKET,5,7,811957.000000,813845.000000,DIO,2,
TRANSMITPACKET,5,8,811957.000000,813845.000000,DIO,2,
TRANSMITPACKET,7,1,816086.000000,817974.000000,DIO,2,
TRANSMITPACKET,7,4,816086.000000,817974.000000,DIO,2,
TRANSMITPACKET,7,5,816086.000000,817974.000000,DIO,2,
TRANSMITPACKET,7,6,816086.000000,817974.000000,DIO,2,
TRANSMITPACKET,7,8,816086.000000,817974.000000,DIO,2,
TRANSMITPACKET,8,5,861548.000000,863436.000000,DIO,2,
TRANSMITPACKET,8,7,861548.000000,863436.000000,DIO,2,
TRANSMITPACKET,4,1,870040.000000,871928.000000,DIO,2,
TRANSMITPACKET,4,6,870040.000000,871928.000000,DIO,2,
TRANSMITPACKET,4,7,870040.000000,871928.000000,DIO,2,
TRANSMITPACKET,6,4,876882.000000,878770.000000,DIO,2,
TRANSMITPACKET,6,7,876882.000000,878770.000000,DIO,2,
TRANSMITPACKET,8,7,1001920.000000,1004768.000000,App1_SENSOR_APP-2,0,
TRANSMITPACKET,4,1,1010462.400067,1012222.400067,DAO,1,
TRANSMITPACKET,1,4,1013198.506729,1015086.506729,DIO,2,
TRANSMITPACKET,1,5,1013198.506729,1015086.506729,DIO,2,
TRANSMITPACKET,1,7,1013198.506729,1015086.506729,DIO,2,
TRANSMITPACKET,7,1,1016687.506729,1018447.506729,DAO,2,
TRANSMITPACKET,8,7,1018891.906796,1020651.906796,DAO,1,
TRANSMITPACKET,8,7,1026706.293405,1028466.293405,DAO,2,
TRANSMITPACKET,5,1,1029616.506729,1031376.506729,DAO,2,
TRANSMITPACKET,4,1,1036420.400067,1038180.400067,DAO,2,
TRANSMITPACKET,6,7,1039590.186743,1041350.186743,DAO,2,
TRANSMITPACKET,8,5,1619124.000000,1621012.000000,DIO,2,
TRANSMITPACKET,8,7,1619124.000000,1621012.000000,DIO,2,
TRANSMITPACKET,7,1,1638238.000000,1640126.000000,DIO,2,
TRANSMITPACKET,7,4,1638238.000000,1640126.000000,DIO,2,
TRANSMITPACKET,7,5,1638238.000000,1640126.000000,DIO,2,
TRANSMITPACKET,7,6,1638238.000000,1640126.000000,DIO,2,
TRANSMITPACKET,7,8,1638238.000000,1640126.000000,DIO,2,
TRANSMITPACKET,4,1,1663470.000000,1665358.000000,DIO,2,
TRANSMITPACKET,4,6,1663470.000000,1665358.000000,DIO,2,
TRANSMITPACKET,4,7,1663470.000000,1665358.000000,DIO,2,
TRANSMITPACKET,5,1,1816903.000000,1818791.000000,DIO,2,
TRANSMITPACKET,5,7,1816903.000000,1818791.000000,DIO,2,
TRANSMITPACKET,5,8,1816903.000000,1818791.000000,DIO,2,
TRANSMITPACKET,8,7,2000640.000000,2003488.000000,App1_SENSOR_APP-3,1,
TRANSMITPACKET,1,4,2002302.000000,2004190.000000,DIO,2,
TRANSMITPACKET,1,5,2002302.000000,2004190.000000,DIO,1,
TRANSMITPACKET,7,1,2009988.573351,2011748.573351,DAO,2,
TRANSMITPACKET,5,1,2012634.013459,2014394.013459,DAO,1,
TRANSMITPACKET,6,7,2018659.093539,2020419.093539,DAO,1,
TRANSMITPACKET,8,7,2025824.586810,2027584.586810,DAO,2,
TRANSMITPACKET,5,1,2029725.013459,2031485.013459,DAO,2,
TRANSMITPACKET,4,1,2035553.800134,2037313.800134,DAO,2,
TRANSMITPACKET,6,4,2043297.000000,2045185.000000,DIO,2,
TRANSMITPACKET,6,7,2043297.000000,2045185.000000,DIO,2,
TRANSMITPACKET,6,7,2048386.000000,2050146.000000,DAO,2,
TRANSMITPACKET,8,7,3002560.000000,3005408.000000,App1_SENSOR_APP-4,0,
TRANSMITPACKET,5,1,3008774.520188,3010534.520188,DAO,1,
TRANSMITPACKET,7,1,3012838.360027,3014598.360027,DAO,2,
TRANSMITPACKET,6,7,3017762.280282,3019522.280282,DAO,1,
TRANSMITPACKET,8,7,3026222.880215,3027982.880215,DAO,2,
TRANSMITPACKET,5,1,3030793.520188,3032553.520188,DAO,2,
TRANSMITPACKET,4,1,3036607.200201,3038367.200201,DAO,2,
TRANSMITPACKET,6,7,3040676.560228,3042436.560228,DAO,2,
TRANSMITPACKET,5,1,3140055.000000,3141943.000000,DIO,2,
TRANSMITPACKET,5,7,3140055.000000,3141943.000000,DIO,2,
TRANSMITPACKET,5,8,3140055.000000,3141943.000000,DIO,2,
TRANSMITPACKET,6,4,3298202.000000,3300090.000000,DIO,2,
TRANSMITPACKET,6,7,3298202.000000,3300090.000000,DIO,2,
TRANSMITPACKET,7,1,3361022.000000,3362910.000000,DIO,2,
TRANSMITPACKET,7,4,3361022.000000,3362910.000000,DIO,2,
TRANSMITPACKET,7,5,3361022.000000,3362910.000000,DIO,2,
TRANSMITPACKET,7,6,3361022.000000,3362910.000000,DIO,2,
TRANSMITPACKET,7,8,3361022.000000,3362910.000000,DIO,2,
TRANSMITPACKET,8,5,3472792.000000,3474680.000000,DIO,2,
TRANSMITPACKET,8,7,3472792.000000,3474680.000000,DIO,2,
TRANSMITPACKET,8,7,4001600.000000,4004448.000000,App1_SENSOR_APP-5,0,
TRANSMITPACKET,4,1,4010102.600269,4011862.600269,DAO,1,
TRANSMITPACKET,8,7,4018486.787011,4020246.787011,DAO,1,
TRANSMITPACKET,5,1,4025782.026917,4027542.026917,DAO,2,
TRANSMITPACKET,8,7,4031101.173620,4032861.173620,DAO,1,
TRANSMITPACKET,4,1,4031225.000000,4033113.000000,DIO,2,
TRANSMITPACKET,4,6,4031225.000000,4033113.000000,DIO,2,
TRANSMITPACKET,4,1,4035100.600269,4036860.600269,DAO,2,
TRANSMITPACKET,1,4,4037501.600269,4039389.600269,DIO,2,
TRANSMITPACKET,1,5,4037501.600269,4039389.600269,DIO,2,
TRANSMITPACKET,1,7,4037501.600269,4039389.600269,DIO,2,
TRANSMITPACKET,8,7,5002560.000000,5005408.000000,App1_SENSOR_APP-6,0,
TRANSMITPACKET,5,1,5009311.533647,5011071.533647,DAO,1,
TRANSMITPACKET,7,1,5013737.933378,5015497.933378,DAO,2,
TRANSMITPACKET,6,7,5017888.653768,5019648.653768,DAO,1,
TRANSMITPACKET,8,7,5024459.467025,5026219.467025,DAO,2,
TRANSMITPACKET,5,1,5027810.533647,5029570.533647,DAO,2,
TRANSMITPACKET,4,1,5036154.000336,5037914.000336,DAO,2,
TRANSMITPACKET,6,7,5036322.933714,5038082.933714,DAO,1,
TRANSMITPACKET,8,7,6000960.000000,6003808.000000,App1_SENSOR_APP-7,0,
TRANSMITPACKET,4,1,6008369.400403,6010129.400403,DAO,1,
TRANSMITPACKET,6,7,6016991.840510,6018751.840510,DAO,1,
TRANSMITPACKET,7,1,6021684.373821,6023444.373821,DAO,2,
TRANSMITPACKET,8,7,6025817.760430,6027577.760430,DAO,2,
TRANSMITPACKET,5,1,6029519.040376,6031279.040376,DAO,2,
TRANSMITPACKET,6,7,6036066.120457,6037826.120457,DAO,1,
TRANSMITPACKET,4,1,6036247.400403,6038007.400403,DAO,2,
TRANSMITPACKET,4,1,6402604.000000,6404492.000000,DIO,2,
TRANSMITPACKET,4,6,6402604.000000,6404492.000000,DIO,2,
TRANSMITPACKET,4,7,6402604.000000,6404492.000000,DIO,2,
TRANSMITPACKET,5,1,6468217.000000,6470105.000000,DIO,2,
TRANSMITPACKET,5,7,6468217.000000,6470105.000000,DIO,2,
TRANSMITPACKET,5,8,6468217.000000,6470105.000000,DIO,2,
TRANSMITPACKET,6,4,6992196.000000,6994084.000000,DIO,2,
TRANSMITPACKET,6,7,6992196.000000,6994084.000000,DIO,2,
TRANSMITPACKET,8,7,7000320.000000,7003168.000000,App1_SENSOR_APP-8,0,
TRANSMITPACKET,5,1,7008248.547105,7010008.547105,DAO,1,
TRANSMITPACKET,7,1,7013997.506729,7015757.506729,DAO,2,
TRANSMITPACKET,6,7,7016735.027253,7018495.027253,DAO,2,
TRANSMITPACKET,8,7,7019041.667226,7020801.667226,DAO,2,
TRANSMITPACKET,5,1,7024507.547105,7026267.547105,DAO,2,
TRANSMITPACKET,8,7,7029416.053835,7031176.053835,DAO,2,
TRANSMITPACKET,4,1,7035380.800470,7037140.800470,DAO,2,
TRANSMITPACKET,6,7,7041249.307199,7043009.307199,DAO,2,
TRANSMITPACKET,1,4,7058958.000000,7060846.000000,DIO,2,
TRANSMITPACKET,1,5,7058958.000000,7060846.000000,DIO,2,
TRANSMITPACKET,1,7,7058958.000000,7060846.000000,DIO,2,
TRANSMITPACKET,7,1,7706410.000000,7708298.000000,DIO,2,
TRANSMITPACKET,7,4,7706410.000000,7708298.000000,DIO,2,
TRANSMITPACKET,7,5,7706410.000000,7708298.000000,DIO,2,
TRANSMITPACKET,7,6,7706410.000000,7708298.000000,DIO,2,
TRANSMITPACKET,7,8,7706410.000000,7708298.000000,DIO,2,
TRANSMITPACKET,8,5,7780178.000000,7782066.000000,DIO,2,
TRANSMITPACKET,8,7,7780178.000000,7782066.000000,DIO,2,
TRANSMITPACKET,8,7,8002560.000000,8005408.000000,App1_SENSOR_APP-9,0,
TRANSMITPACKET,5,1,8008677.053835,8010437.053835,DAO,1,
TRANSMITPACKET,6,7,8016158.213996,8017918.213996,DAO,1,
TRANSMITPACKET,7,1,8020687.293405,8022447.293405,DAO,2,
TRANSMITPACKET,8,7,8024054.347240,8025814.347240,DAO,2,
TRANSMITPACKET,5,1,8027496.053835,8029256.053835,DAO,2,
TRANSMITPACKET,6,7,8034912.493942,8036672.493942,DAO,2,
TRANSMITPACKET,4,1,8037714.200537,8039474.200537,DAO,2,
TRANSMITPACKET,8,7,9000640.000000,9003488.000000,App1_SENSOR_APP-10,0,
TRANSMITPACKET,5,1,9008465.560564,9010225.560564,DAO,1,
TRANSMITPACKET,7,1,9011697.080081,9013457.080081,DAO,2,
TRANSMITPACKET,6,7,9016541.400739,9018301.400739,DAO,1,
TRANSMITPACKET,5,1,9023764.560564,9025524.560564,DAO,2,
TRANSMITPACKET,8,7,9033412.640645,9035172.640645,DAO,1,
TRANSMITPACKET,4,1,9039087.600604,9040847.600604,DAO,2,
TRANSMITPACKET,1,2,10000000.000000,10000010.440000,OSPF_HELLO,2,
TRANSMITPACKET,2,1,10000000.000000,10000010.440000,OSPF_HELLO,2,
TRANSMITPACKET,2,1,10000010.440000,10000019.600000,OSPF_DD,2,
TRANSMITPACKET,1,2,10000010.440000,10000019.600000,OSPF_DD,2,
TRANSMITPACKET,1,2,10000019.600000,10000030.360000,OSPF_DD,2,
TRANSMITPACKET,2,1,10000030.360000,10000041.120000,OSPF_DD,2,
TRANSMITPACKET,1,2,10000041.120000,10000050.280000,OSPF_DD,2,
TRANSMITPACKET,1,2,10000045.280000,10000054.760000,OSPF_LSREQ,2,
TRANSMITPACKET,2,1,10000050.280000,10000059.760000,OSPF_LSREQ,2,
TRANSMITPACKET,8,7,10002240.000000,10005088.000000,App1_SENSOR_APP-11,0,
TRANSMITPACKET,5,1,10006974.067293,10008734.067293,DAO,2,
TRANSMITPACKET,4,1,10008743.000671,10010503.000671,DAO,2,
TRANSMITPACKET,7,1,10011666.866756,10013426.866756,DAO,2,
TRANSMITPACKET,6,7,10015964.587481,10017724.587481,DAO,1,
TRANSMITPACKET,8,7,10025490.934050,10027250.934050,DAO,2,
TRANSMITPACKET,6,7,10035038.867428,10036798.867428,DAO,1,
TRANSMITPACKET,5,1,10035521.067293,10037281.067293,DAO,2,
TRANSMITPACKET,4,1,10039629.000671,10041389.000671,DAO,2,
TRANSMITPACKET,2,1,10055778.336684,10055790.056684,OSPF_LSUPDATE,2,
TRANSMITPACKET,1,2,10063572.789506,10063588.349506,OSPF_LSUPDATE,2,
TRANSMITPACKET,1,2,10623558.954201,10623569.074201,OSPF_LSACK,2,
TRANSMITPACKET,2,1,10853435.932847,10853446.052847,OSPF_LSACK,2,
TRANSMITPACKET,8,7,11001280.000000,11004128.000000,App1_SENSOR_APP-12,0,
TRANSMITPACKET,5,1,11008042.574023,11009802.574023,DAO,1,
TRANSMITPACKET,7,1,11015796.653432,11017556.653432,DAO,2,
TRANSMITPACKET,8,7,11019354.840846,11021114.840846,DAO,2,
TRANSMITPACKET,5,1,11023981.574023,11025741.574023,DAO,2,
TRANSMITPACKET,8,7,11027937.227454,11029697.227454,DAO,2,
TRANSMITPACKET,4,1,11033514.400739,11035274.400739,DAO,2,
TRANSMITPACKET,6,7,11037342.054170,11039102.054170,DAO,2,
TRANSMITPACKET,8,7,12000960.000000,12003808.000000,App1_SENSOR_APP-13,0,
TRANSMITPACKET,5,1,12007831.080752,12009591.080752,DAO,1,
TRANSMITPACKET,7,1,12010966.440107,12012726.440107,DAO,2,
TRANSMITPACKET,6,7,12015770.960967,12017530.960967,DAO,2,
TRANSMITPACKET,8,7,12017833.134251,12019593.134251,DAO,2,
TRANSMITPACKET,8,7,12023087.520859,12024847.520859,DAO,2,
TRANSMITPACKET,5,1,12031130.080752,12032890.080752,DAO,2,
TRANSMITPACKET,6,7,12032925.240913,12034685.240913,DAO,2,
TRANSMITPACKET,4,1,12037447.800806,12039207.800806,DAO,2,
TRANSMITPACKET,5,1,12646519.000000,12648407.000000,DIO,2,
TRANSMITPACKET,5,7,12646519.000000,12648407.000000,DIO,2,
TRANSMITPACKET,5,8,12646519.000000,12648407.000000,DIO,2,
TRANSMITPACKET,8,7,13002240.000000,13005088.000000,App1_SENSOR_APP-14,0,
TRANSMITPACKET,4,1,13008383.200873,13010143.200873,DAO,1,
TRANSMITPACKET,7,1,13012216.226783,13013976.226783,DAO,2,
TRANSMITPACKET,8,7,13015991.427656,13017751.427656,DAO,1,
TRANSMITPACKET,8,7,13023805.814264,13025565.814264,DAO,2,
TRANSMITPACKET,5,1,13030598.587481,13032358.587481,DAO,2,
TRANSMITPACKET,6,7,13032668.427656,13034428.427656,DAO,2,
TRANSMITPACKET,4,1,13037861.200873,13039621.200873,DAO,2,
TRANSMITPACKET,8,7,14001920.000000,14004768.000000,App1_SENSOR_APP-15,0,
TRANSMITPACKET,5,1,14007088.094211,14008848.094211,DAO,1,
TRANSMITPACKET,6,4,14010107.000000,14011995.000000,DIO,2,
TRANSMITPACKET,6,7,14010107.000000,14011995.000000,DIO,2,
TRANSMITPACKET,7,1,14014556.000000,14016316.000000,DAO,2,
TRANSMITPACKET,8,7,14016709.721061,14018469.721061,DAO,2,
TRANSMITPACKET,6,7,14020057.334452,14021817.334452,DAO,2,
TRANSMITPACKET,5,1,14024307.094211,14026067.094211,DAO,2,
TRANSMITPACKET,6,7,14032411.614399,14034171.614399,DAO,2,
TRANSMITPACKET,8,7,14035532.107669,14037292.107669,DAO,1,
TRANSMITPACKET,4,1,14035714.600940,14037474.600940,DAO,2,
TRANSMITPACKET,7,1,14307439.000000,14309327.000000,DIO,2,
TRANSMITPACKET,7,4,14307439.000000,14309327.000000,DIO,2,
TRANSMITPACKET,7,5,14307439.000000,14309327.000000,DIO,2,
TRANSMITPACKET,7,6,14307439.000000,14309327.000000,DIO,2,
TRANSMITPACKET,7,8,14307439.000000,14309327.000000,DIO,2,
TRANSMITPACKET,4,1,14337105.000000,14338993.000000,DIO,2,
TRANSMITPACKET,4,6,14337105.000000,14338993.000000,DIO,2,
TRANSMITPACKET,4,7,14337105.000000,14338993.000000,DIO,2,
TRANSMITPACKET,8,7,15001920.000000,15004768.000000,App1_SENSOR_APP-16,0,
TRANSMITPACKET,4,1,15006330.001007,15008090.001007,DAO,2,
TRANSMITPACKET,5,1,15008156.600940,15009916.600940,DAO,2,
TRANSMITPACKET,7,1,15013435.800134,15015195.800134,DAO,2,
TRANSMITPACKET,8,7,15016148.014466,15017908.014466,DAO,1,
TRANSMITPACKET,8,7,15022362.401074,15024122.401074,DAO,2,
TRANSMITPACKET,6,7,15033434.801141,15035194.801141,DAO,1,
TRANSMITPACKET,5,1,15034335.600940,15036095.600940,DAO,2,
TRANSMITPACKET,4,1,15038048.001007,15039808.001007,DAO,2,
TRANSMITPACKET,2,1,15152504.978125,15152517.658125,OSPF_LSUPDATE,2,
TRANSMITPACKET,1,4,15440101.000000,15441989.000000,DIO,2,
TRANSMITPACKET,1,5,15440101.000000,15441989.000000,DIO,2,
TRANSMITPACKET,1,7,15440101.000000,15441989.000000,DIO,2,
TRANSMITPACKET,8,5,15792586.000000,15794474.000000,DIO,2,
TRANSMITPACKET,8,7,15792586.000000,15794474.000000,DIO,2,
TRANSMITPACKET,8,7,16002560.000000,16005408.000000,App1_SENSOR_APP-17,0,
TRANSMITPACKET,4,1,16007063.401074,16008823.401074,DAO,1,
TRANSMITPACKET,7,1,16009885.586810,16011645.586810,DAO,2,
TRANSMITPACKET,6,7,16014743.707938,16016503.707938,DAO,1,
TRANSMITPACKET,5,1,16022924.107669,16024684.107669,DAO,2,
TRANSMITPACKET,6,7,16031897.987884,16033657.987884,DAO,1,
TRANSMITPACKET,4,1,16034301.401074,16036061.401074,DAO,2,
TRANSMITPACKET,1,2,16711897.860236,16711907.980236,OSPF_LSACK,2,
TRANSMITPACKET,8,7,17001600.000000,17004448.000000,App1_SENSOR_APP-18,0,
TRANSMITPACKET,5,1,17005813.614399,17007573.614399,DAO,1,
TRANSMITPACKET,7,1,17008895.373486,17010655.373486,DAO,2,
TRANSMITPACKET,6,7,17015126.894681,17016886.894681,DAO,1,
TRANSMITPACKET,8,7,17022518.987884,17024278.987884,DAO,2,
TRANSMITPACKET,5,1,17026552.614399,17028312.614399,DAO,2,
TRANSMITPACKET,6,7,17031641.174627,17033401.174627,DAO,2,
TRANSMITPACKET,4,1,17042074.801141,17043834.801141,DAO,2,
TRANSMITPACKET,8,7,18001600.000000,18004448.000000,App1_SENSOR_APP-19,0,
TRANSMITPACKET,4,1,18005650.201209,18007410.201209,DAO,1,
TRANSMITPACKET,7,1,18012385.160161,18014145.160161,DAO,2,
TRANSMITPACKET,6,7,18015190.081423,18016950.081423,DAO,1,
TRANSMITPACKET,5,1,18022501.121128,18024261.121128,DAO,2,
TRANSMITPACKET,8,7,18022597.281289,18024357.281289,DAO,1,
TRANSMITPACKET,6,7,18032024.361370,18033784.361370,DAO,2,
TRANSMITPACKET,4,1,18042488.201209,18044248.201209,DAO,2,
TRANSMITPACKET,8,7,19001920.000000,19004768.000000,App1_SENSOR_APP-20,0,
TRANSMITPACKET,4,1,19004783.601276,19006543.601276,DAO,2,
TRANSMITPACKET,5,1,19006670.627857,19008430.627857,DAO,2,
TRANSMITPACKET,7,1,19009474.946837,19011234.946837,DAO,2,
TRANSMITPACKET,6,7,19014613.268166,19016373.268166,DAO,1,
TRANSMITPACKET,8,7,19023315.574694,19025075.574694,DAO,2,
TRANSMITPACKET,5,1,19027217.627857,19028977.627857,DAO,2,
TRANSMITPACKET,6,7,19031127.548112,19032887.548112,DAO,2,
TRANSMITPACKET,4,1,19036821.601276,19038581.601276,DAO,2,
TRANSMITPACKET,1,2,20000000.000000,20000010.440000,OSPF_HELLO,2,
TRANSMITPACKET,2,1,20000000.000000,20000010.440000,OSPF_HELLO,2,
TRANSMITPACKET,8,7,20000640.000000,20003488.000000,App1_SENSOR_APP-21,0,
TRANSMITPACKET,4,1,20005197.001343,20006957.001343,DAO,1,
TRANSMITPACKET,7,1,20010724.733512,20012484.733512,DAO,2,
TRANSMITPACKET,6,7,20013396.454909,20015156.454909,DAO,1,
TRANSMITPACKET,8,7,20021473.868099,20023233.868099,DAO,2,
TRANSMITPACKET,5,1,20026238.134587,20027998.134587,DAO,2,
TRANSMITPACKET,4,1,20032115.001343,20033875.001343,DAO,2,
TRANSMITPACKET,6,7,20035990.734855,20037750.734855,DAO,2,
TRANSMITPACKET,8,7,21001600.000000,21004448.000000,App1_SENSOR_APP-22,0,
TRANSMITPACKET,5,1,21004967.641316,21006727.641316,DAO,1,
TRANSMITPACKET,7,1,21008774.520188,21010534.520188,DAO,2,
TRANSMITPACKET,8,7,21014057.774895,21015817.774895,DAO,1,
TRANSMITPACKET,8,7,21021232.161504,21022992.161504,DAO,2,
TRANSMITPACKET,5,1,21023466.641316,21025226.641316,DAO,2,
TRANSMITPACKET,6,7,21032213.921598,21033973.921598,DAO,2,
TRANSMITPACKET,4,1,21041168.401410,21042928.401410,DAO,2,
TRANSMITPACKET,8,7,22001600.000000,22004448.000000,App1_SENSOR_APP-23,0,
TRANSMITPACKET,4,1,22006343.801477,22008103.801477,DAO,1,
TRANSMITPACKET,7,1,22009384.306864,22011144.306864,DAO,2,
TRANSMITPACKET,6,7,22012562.828394,22014322.828394,DAO,2,
TRANSMITPACKET,8,7,22015416.068300,22017176.068300,DAO,2,
TRANSMITPACKET,5,1,22021015.148045,22022775.148045,DAO,2,
TRANSMITPACKET,8,7,22023230.454909,22024990.454909,DAO,2,
TRANSMITPACKET,6,7,22030677.108341,22032437.108341,DAO,2,
TRANSMITPACKET,4,1,22035501.801477,22037261.801477,DAO,2,
TRANSMITPACKET,8,7,23002560.000000,23005408.000000,App1_SENSOR_APP-24,1,
TRANSMITPACKET,4,1,23004837.201544,23006597.201544,DAO,2,
TRANSMITPACKET,5,1,23008704.654775,23010464.654775,DAO,2,
TRANSMITPACKET,7,1,23013514.093539,23015274.093539,DAO,2,
TRANSMITPACKET,5,1,23022723.654775,23024483.654775,DAO,2,
TRANSMITPACKET,8,7,23027654.361705,23029414.361705,DAO,2,
TRANSMITPACKET,4,1,23030795.201544,23032555.201544,DAO,2,
TRANSMITPACKET,8,7,23031015.361705,23032775.361705,DAO,1,
TRANSMITPACKET,6,7,23034580.295083,23036340.295083,DAO,2,
TRANSMITPACKET,8,7,24001920.000000,24004768.000000,App1_SENSOR_APP-25,0,
TRANSMITPACKET,4,1,24005890.601611,24007650.601611,DAO,1,
TRANSMITPACKET,7,1,24009323.880215,24011083.880215,DAO,2,
TRANSMITPACKET,6,7,24012689.201880,24014449.201880,DAO,2,
TRANSMITPACKET,8,7,24014612.655110,24016372.655110,DAO,2,
TRANSMITPACKET,5,1,24021232.161504,24022992.161504,DAO,2,
TRANSMITPACKET,8,7,24023707.041719,24025467.041719,DAO,2,
TRANSMITPACKET,6,7,24030803.481826,24032563.481826,DAO,2,
TRANSMITPACKET,4,1,24035368.601611,24037128.601611,DAO,2,
TRANSMITPACKET,8,7,25002240.000000,25005088.000000,App1_SENSOR_APP-26,1,
TRANSMITPACKET,4,1,25004064.001679,25005824.001679,DAO,2,
TRANSMITPACKET,5,1,25006041.668233,25007801.668233,DAO,2,
TRANSMITPACKET,7,1,25010253.666890,25012013.666890,DAO,2,
TRANSMITPACKET,8,7,25013090.948515,25014850.948515,DAO,1,
TRANSMITPACKET,8,7,25020265.335124,25022025.335124,DAO,2,
TRANSMITPACKET,5,1,25023260.668233,25025020.668233,DAO,2,
TRANSMITPACKET,6,7,25031506.668569,25033266.668569,DAO,2,
TRANSMITPACKET,4,1,25035142.001679,25036902.001679,DAO,2,
TRANSMITPACKET,8,7,26002560.000000,26005408.000000,App1_SENSOR_APP-27,1,
TRANSMITPACKET,4,1,26004157.401746,26005917.401746,DAO,2,
TRANSMITPACKET,5,1,26007430.174963,26009190.174963,DAO,2,
TRANSMITPACKET,7,1,26011183.453566,26012943.453566,DAO,2,
TRANSMITPACKET,6,7,26013455.575365,26015215.575365,DAO,2,
TRANSMITPACKET,8,7,26015409.241920,26017169.241920,DAO,2,
TRANSMITPACKET,5,1,26020489.174963,26022249.174963,DAO,2,
TRANSMITPACKET,8,7,26023863.628529,26025623.628529,DAO,2,
TRANSMITPACKET,4,1,26030755.401746,26032515.401746,DAO,2,
TRANSMITPACKET,6,7,26030929.855312,26032689.855312,DAO,1,
TRANSMITPACKET,7,1,26080660.000000,26082548.000000,DIO,2,
TRANSMITPACKET,7,4,26080660.000000,26082548.000000,DIO,2,
TRANSMITPACKET,7,5,26080660.000000,26082548.000000,DIO,2,
TRANSMITPACKET,7,6,26080660.000000,26082548.000000,DIO,2,
TRANSMITPACKET,7,8,26080660.000000,26082548.000000,DIO,2,
TRANSMITPACKET,6,4,26418317.000000,26420205.000000,DIO,2,
TRANSMITPACKET,6,7,26418317.000000,26420205.000000,DIO,2,
TRANSMITPACKET,5,1,26732875.000000,26734763.000000,DIO,2,
TRANSMITPACKET,5,7,26732875.000000,26734763.000000,DIO,2,
TRANSMITPACKET,5,8,26732875.000000,26734763.000000,DIO,2,
TRANSMITPACKET,4,1,27003290.801813,27005050.801813,DAO,2,
TRANSMITPACKET,8,7,27002560.000000,27005408.000000,App1_SENSOR_APP-28,0,
TRANSMITPACKET,7,1,27010193.240242,27011953.240242,DAO,2,
TRANSMITPACKET,8,7,27013887.535325,27015647.535325,DAO,2,
TRANSMITPACKET,5,1,27017586.681692,27019346.681692,DAO,2,
TRANSMITPACKET,6,7,27018318.762108,27020078.762108,DAO,1,
TRANSMITPACKET,5,1,27024117.681692,27025877.681692,DAO,2,
TRANSMITPACKET,4,1,27030848.801813,27032608.801813,DAO,2,
TRANSMITPACKET,6,7,27030993.042055,27032753.042055,DAO,1,
TRANSMITPACKET,8,7,28000320.000000,28003168.000000,App1_SENSOR_APP-29,0,
TRANSMITPACKET,4,1,28004024.201880,28005784.201880,DAO,1,
TRANSMITPACKET,7,1,28008563.026917,28010323.026917,DAO,2,
TRANSMITPACKET,6,7,28013261.948851,28015021.948851,DAO,1,
TRANSMITPACKET,5,1,28020066.188421,28021826.188421,DAO,2,
TRANSMITPACKET,8,7,28024660.215339,28026420.215339,DAO,2,
TRANSMITPACKET,6,7,28030416.228797,28032176.228797,DAO,2,
TRANSMITPACKET,4,1,28039902.201880,28041662.201880,DAO,2,
TRANSMITPACKET,1,4,28699813.000000,28701701.000000,DIO,2,
TRANSMITPACKET,1,5,28699813.000000,28701701.000000,DIO,2,
TRANSMITPACKET,1,7,28699813.000000,28701701.000000,DIO,2,
TRANSMITPACKET,8,7,29000960.000000,29003808.000000,App1_SENSOR_APP-30,1,
TRANSMITPACKET,4,1,29002837.601947,29004597.601947,DAO,2,
TRANSMITPACKET,5,1,29005195.695151,29006955.695151,DAO,2,
TRANSMITPACKET,7,1,29009492.813593,29011252.813593,DAO,2,
TRANSMITPACKET,8,7,29012124.122135,29013884.122135,DAO,1,
TRANSMITPACKET,5,1,29020174.695151,29021934.695151,DAO,2,
TRANSMITPACKET,8,7,29020258.508744,29022018.508744,DAO,1,
TRANSMITPACKET,4,1,29029755.601947,29031515.601947,DAO,2,
TRANSMITPACKET,6,7,29034639.415540,29036399.415540,DAO,2,
TRANSMITPACKET,1,2,30000000.000000,30000010.440000,OSPF_HELLO,2,
TRANSMITPACKET,2,1,30000000.000000,30000010.440000,OSPF_HELLO,2,
TRANSMITPACKET,8,7,30001600.000000,30004448.000000,App1_SENSOR_APP-31,1,
TRANSMITPACKET,4,1,30004211.002014,30005971.002014,DAO,2,
TRANSMITPACKET,5,1,30008184.201880,30009944.201880,DAO,2,
TRANSMITPACKET,6,7,30011468.322337,30013228.322337,DAO,1,
TRANSMITPACKET,7,1,30016523.415540,30018283.415540,DAO,2,
TRANSMITPACKET,5,1,30019643.201880,30021403.201880,DAO,2,
TRANSMITPACKET,8,7,30021936.802149,30023696.802149,DAO,2,
TRANSMITPACKET,6,7,30030222.602283,30031982.602283,DAO,2,
TRANSMITPACKET,4,1,30038169.002014,30039929.002014,DAO,2,
TRANSMITPACKET,8,7,31001920.000000,31004768.000000,App1_SENSOR_APP-32,1,
TRANSMITPACKET,4,1,31003984.402081,31005744.402081,DAO,2,
TRANSMITPACKET,5,1,31006692.708609,31008452.708609,DAO,2,
TRANSMITPACKET,7,1,31009112.386944,31010872.386944,DAO,2,
TRANSMITPACKET,6,7,31011531.509079,31013291.509079,DAO,1,
TRANSMITPACKET,8,7,31019135.095553,31020895.095553,DAO,2,
TRANSMITPACKET,5,1,31022631.708609,31024391.708609,DAO,2,
TRANSMITPACKET,6,7,31029325.789026,31031085.789026,DAO,2,
TRANSMITPACKET,4,1,31035382.402081,31037142.402081,DAO,2,
TRANSMITPACKET,4,1,31162407.000000,31164295.000000,DIO,2,
TRANSMITPACKET,4,6,31162407.000000,31164295.000000,DIO,2,
TRANSMITPACKET,4,7,31162407.000000,31164295.000000,DIO,2,
TRANSMITPACKET,8,5,31439702.000000,31441590.000000,DIO,2,
TRANSMITPACKET,8,7,31439702.000000,31441590.000000,DIO,2,
TRANSMITPACKET,4,1,32003117.802148,32004877.802148,DAO,2,
TRANSMITPACKET,8,7,32002560.000000,32005408.000000,App1_SENSOR_APP-33,0,
TRANSMITPACKET,5,1,32007121.215339,32008881.215339,DAO,2,
TRANSMITPACKET,7,1,32009402.173620,32011162.173620,DAO,2,
TRANSMITPACKET,8,7,32012039.002350,32013799.002350,DAO,2,
TRANSMITPACKET,6,7,32014474.695822,32016234.695822,DAO,2,
TRANSMITPACKET,8,7,32017933.388958,32019693.388958,DAO,2,
TRANSMITPACKET,5,1,32021140.215339,32022900.215339,DAO,2,
TRANSMITPACKET,6,7,32029388.975768,32031148.975768,DAO,1,
TRANSMITPACKET,4,1,32029395.802148,32031155.802148,DAO,2,
TRANSMITPACKET,4,1,33001611.202216,33003371.202216,DAO,2,
TRANSMITPACKET,8,7,33001920.000000,33004768.000000,App1_SENSOR_APP-34,1,
TRANSMITPACKET,5,1,33006269.722068,33008029.722068,DAO,2,
TRANSMITPACKET,7,1,33009371.960295,33011131.960295,DAO,2,
TRANSMITPACKET,6,7,33012297.882565,33014057.882565,DAO,1,
TRANSMITPACKET,8,7,33018651.682363,33020411.682363,DAO,2,
TRANSMITPACKET,5,1,33022208.722068,33023968.722068,DAO,2,
TRANSMITPACKET,6,7,33027852.162511,33029612.162511,DAO,2,
TRANSMITPACKET,4,1,33030449.202216,33032209.202216,DAO,2,
TRANSMITPACKET,4,1,34002344.602283,34004104.602283,DAO,2,
TRANSMITPACKET,8,7,34001920.000000,34004768.000000,App1_SENSOR_APP-35,0,
TRANSMITPACKET,7,1,34008701.746971,34010461.746971,DAO,2,
TRANSMITPACKET,8,7,34010915.589160,34012675.589160,DAO,2,
TRANSMITPACKET,5,1,34014378.228797,34016138.228797,DAO,2,
TRANSMITPACKET,6,7,34014921.069308,34016681.069308,DAO,1,
TRANSMITPACKET,8,7,34019049.975768,34020809.975768,DAO,2,
TRANSMITPACKET,5,1,34023917.228797,34025677.228797,DAO,2,
TRANSMITPACKET,6,7,34029515.349254,34031275.349254,DAO,2,
TRANSMITPACKET,4,1,34034702.602283,34036462.602283,DAO,2,
TRANSMITPACKET,8,7,35000320.000000,35003168.000000,App1_SENSOR_APP-36,1,
TRANSMITPACKET,4,1,35002758.002350,35004518.002350,DAO,2,
TRANSMITPACKET,5,1,35005846.735527,35007606.735527,DAO,2,
TRANSMITPACKET,7,1,35009951.533647,35011711.533647,DAO,2,
TRANSMITPACKET,6,7,35013384.256050,35015144.256050,DAO,1,
TRANSMITPACKET,8,7,35019448.269173,35021208.269173,DAO,2,
TRANSMITPACKET,5,1,35022105.735527,35023865.735527,DAO,2,
TRANSMITPACKET,6,7,35028938.535997,35030698.535997,DAO,2,
TRANSMITPACKET,4,1,35031596.002350,35033356.002350,DAO,2,
TRANSMITPACKET,4,1,36001891.402417,36003651.402417,DAO,2,
TRANSMITPACKET,8,7,36001920.000000,36004768.000000,App1_SENSOR_APP-37,1,
TRANSMITPACKET,5,1,36005635.242256,36007395.242256,DAO,2,
TRANSMITPACKET,6,7,36009287.442793,36011047.442793,DAO,2,
TRANSMITPACKET,8,7,36011072.175970,36012832.175970,DAO,2,
TRANSMITPACKET,7,1,36013288.442793,36015048.442793,DAO,2,
TRANSMITPACKET,8,7,36017606.562578,36019366.562578,DAO,2,
TRANSMITPACKET,5,1,36019974.242256,36021734.242256,DAO,2,
TRANSMITPACKET,6,7,36027081.722739,36028841.722739,DAO,2,
TRANSMITPACKET,4,1,36029449.402417,36031209.402417,DAO,2,
TRANSMITPACKET,4,1,37001024.802484,37002784.802484,DAO,2,
TRANSMITPACKET,8,7,37000320.000000,37003168.000000,App1_SENSOR_APP-38,0,
TRANSMITPACKET,5,1,37004463.748985,37006223.748985,DAO,2,
TRANSMITPACKET,7,1,37008291.106998,37010051.106998,DAO,2,
TRANSMITPACKET,8,7,37011790.469375,37013550.469375,DAO,1,
TRANSMITPACKET,8,7,37016724.855983,37018484.855983,DAO,2,
TRANSMITPACKET,5,1,37019122.748985,37020882.748985,DAO,2,
TRANSMITPACKET,6,7,37026504.909482,37028264.909482,DAO,2,
TRANSMITPACKET,4,1,37028902.802484,37030662.802484,DAO,2,
TRANSMITPACKET,8,7,38001280.000000,38004128.000000,App1_SENSOR_APP-39,1,
TRANSMITPACKET,4,1,38002718.202551,38004478.202551,DAO,2,
TRANSMITPACKET,5,1,38004572.255715,38006332.255715,DAO,2,
TRANSMITPACKET,6,7,38008773.816279,38010533.816279,DAO,2,
TRANSMITPACKET,8,7,38010588.762780,38012348.762780,DAO,2,
TRANSMITPACKET,7,1,38012669.762780,38014429.762780,DAO,2,
TRANSMITPACKET,8,7,38016483.149388,38018243.149388,DAO,2,
TRANSMITPACKET,5,1,38020191.255715,38021951.255715,DAO,2,
TRANSMITPACKET,4,1,38027716.202551,38029476.202551,DAO,2,
TRANSMITPACKET,6,7,38027848.096225,38029608.096225,DAO,1,
TRANSMITPACKET,5,1,39001160.762444,39002920.762444,DAO,1,
TRANSMITPACKET,8,7,39005760.000000,39008608.000000,App1_SENSOR_APP-40,0,
TRANSMITPACKET,7,1,39009889.000000,39011649.000000,DAO,2,
TRANSMITPACKET,6,7,39013765.003021,39015525.003021,DAO,2,
TRANSMITPACKET,5,1,39018379.762444,39020139.762444,DAO,2,
TRANSMITPACKET,8,7,39026027.056185,39027787.056185,DAO,2,
TRANSMITPACKET,4,1,39027809.602618,39029569.602618,DAO,2,
TRANSMITPACKET,6,7,39027911.282968,39029671.282968,DAO,1,
TRANSMITPACKET,8,7,39030028.056185,39031788.056185,DAO,2,
TRANSMITPACKET,1,2,40000000.000000,40000010.440000,OSPF_HELLO,2,
TRANSMITPACKET,2,1,40000000.000000,40000010.440000,OSPF_HELLO,2,
TRANSMITPACKET,4,1,40000025.002686,40001785.002686,DAO,2,
TRANSMITPACKET,8,7,40002560.000000,40005408.000000,App1_SENSOR_APP-41,0,
TRANSMITPACKET,5,1,40007477.269173,40009237.269173,DAO,2,
TRANSMITPACKET,6,7,40007940.189764,40009700.189764,DAO,1,
TRANSMITPACKET,7,1,40010341.189764,40012101.189764,DAO,2,
TRANSMITPACKET,8,7,40013945.349590,40015705.349590,DAO,2,
TRANSMITPACKET,8,7,40017306.349590,40019066.349590,DAO,2,
TRANSMITPACKET,5,1,40019448.269173,40021208.269173,DAO,2,
TRANSMITPACKET,6,7,40026374.469710,40028134.469710,DAO,2,
TRANSMITPACKET,4,1,40032063.002686,40033823.002686,DAO,2,
TRANSMITPACKET,4,1,41001398.402753,41003158.402753,DAO,2,
TRANSMITPACKET,8,7,41000960.000000,41003808.000000,App1_SENSOR_APP-42,0,
TRANSMITPACKET,5,1,41005537.775903,41007297.775903,DAO,2,
TRANSMITPACKET,7,1,41008170.253700,41009930.253700,DAO,2,
TRANSMITPACKET,6,7,41010563.376507,41012323.376507,DAO,2,
TRANSMITPACKET,8,7,41014983.642995,41016743.642995,DAO,2,
TRANSMITPACKET,8,7,41018344.642995,41020104.642995,DAO,2,
TRANSMITPACKET,5,1,41020644.775903,41022404.775903,DAO,2,
TRANSMITPACKET,6,7,41025477.656453,41027237.656453,DAO,2,
TRANSMITPACKET,4,1,41028636.402753,41030396.402753,DAO,2,
TRANSMITPACKET,4,1,41999891.802820,42001651.802820,DAO,2,
TRANSMITPACKET,8,7,42001600.000000,42004448.000000,App1_SENSOR_APP-43,1,
TRANSMITPACKET,5,1,42004814.282632,42006574.282632,DAO,2,
TRANSMITPACKET,6,7,42007746.563250,42009506.563250,DAO,1,
TRANSMITPACKET,7,1,42012342.936399,42014102.936399,DAO,2,
TRANSMITPACKET,5,1,42016785.282632,42018545.282632,DAO,2,
TRANSMITPACKET,8,7,42019996.323008,42021756.323008,DAO,2,
TRANSMITPACKET,6,7,42026500.843196,42028260.843196,DAO,2,
TRANSMITPACKET,4,1,42029049.802820,42030809.802820,DAO,2,
TRANSMITPACKET,4,1,42999345.202887,43001105.202887,DAO,2,
TRANSMITPACKET,5,1,43001914.789361,43003674.789361,DAO,2,
TRANSMITPACKET,8,7,43004160.000000,43007008.000000,App1_SENSOR_APP-44,0,
TRANSMITPACKET,6,7,43007169.749992,43008929.749992,DAO,1,
TRANSMITPACKET,7,1,43011141.229804,43012901.229804,DAO,2,
TRANSMITPACKET,8,7,43016874.616413,43018634.616413,DAO,2,
TRANSMITPACKET,5,1,43023293.789361,43025053.789361,DAO,2,
TRANSMITPACKET,6,7,43026564.029939,43028324.029939,DAO,2,
TRANSMITPACKET,4,1,43030103.202887,43031863.202887,DAO,2,
TRANSMITPACKET,4,1,43999758.602954,44001518.602954,DAO,1,
TRANSMITPACKET,8,7,44001920.000000,44004768.000000,App1_SENSOR_APP-45,0,
TRANSMITPACKET,6,7,44008192.936735,44009952.936735,DAO,1,
TRANSMITPACKET,7,1,44012179.523209,44013939.523209,DAO,2,
TRANSMITPACKET,8,7,44017272.909818,44019032.909818,DAO,2,
TRANSMITPACKET,5,1,44020522.296091,44022282.296091,DAO,2,
TRANSMITPACKET,6,7,44026307.216681,44028067.216681,DAO,2,
TRANSMITPACKET,4,1,44030196.602954,44031956.602954,DAO,2,
TRANSMITPACKET,4,1,45000172.003021,45001932.003021,DAO,1,
TRANSMITPACKET,7,1,45008689.400403,45010449.400403,DAO,2,
TRANSMITPACKET,6,7,45010944.123478,45012704.123478,DAO,1,
TRANSMITPACKET,5,1,45018070.802820,45019830.802820,DAO,2,
TRANSMITPACKET,8,7,45023265.000000,45025025.000000,DAO,2,
TRANSMITPACKET,6,7,45025410.403424,45027170.403424,DAO,2,
TRANSMITPACKET,8,7,45027586.000000,45029346.000000,DAO,1,
TRANSMITPACKET,4,1,45028050.003021,45029810.003021,DAO,2,
TRANSMITPACKET,4,1,46000265.403088,46002025.403088,DAO,1,
TRANSMITPACKET,8,7,46006720.000000,46009568.000000,App1_SENSOR_APP-47,0,
TRANSMITPACKET,7,1,46010209.000000,46011969.000000,DAO,2,
TRANSMITPACKET,8,7,46016289.000000,46018049.000000,DAO,2,
TRANSMITPACKET,5,1,46019459.309549,46021219.309549,DAO,2,
TRANSMITPACKET,8,7,46019650.000000,46021410.000000,DAO,1,
TRANSMITPACKET,6,7,46025473.590167,46027233.590167,DAO,2,
TRANSMITPACKET,4,1,46031663.403088,46033423.403088,DAO,2,
TRANSMITPACKET,4,1,47000358.803156,47002118.803156,DAO,1,
TRANSMITPACKET,8,7,47004608.000000,47007456.000000,App1_SENSOR_APP-48,1,
TRANSMITPACKET,8,7,47010337.000000,47012097.000000,DAO,2,
TRANSMITPACKET,7,1,47014658.000000,47016418.000000,DAO,2,
TRANSMITPACKET,5,1,47020847.816279,47022607.816279,DAO,2,
TRANSMITPACKET,8,7,47024547.790033,47026307.790033,DAO,1,
TRANSMITPACKET,4,1,47025356.803156,47027116.803156,DAO,2,
TRANSMITPACKET,6,7,47030976.776910,47032736.776910,DAO,2,
TRANSMITPACKET,4,1,48000132.203223,48001892.203223,DAO,1,
TRANSMITPACKET,8,7,48004160.000000,48007008.000000,App1_SENSOR_APP-49,0,
TRANSMITPACKET,6,7,48007165.683706,48008925.683706,DAO,2,
TRANSMITPACKET,8,7,48009569.000000,48011329.000000,DAO,2,
TRANSMITPACKET,7,1,48013250.000000,48015010.000000,DAO,2,
TRANSMITPACKET,8,7,48016306.083438,48018066.083438,DAO,2,
TRANSMITPACKET,5,1,48020956.323008,48022716.323008,DAO,2,
TRANSMITPACKET,6,7,48025279.963652,48027039.963652,DAO,2,
TRANSMITPACKET,4,1,48028010.203223,48029770.203223,DAO,2,
TRANSMITPACKET,4,1,48999265.603290,49001025.603290,DAO,1,
TRANSMITPACKET,8,7,49001600.000000,49004448.000000,App1_SENSOR_APP-50,0,
TRANSMITPACKET,6,7,49007228.870449,49008988.870449,DAO,2,
TRANSMITPACKET,8,7,49009209.990234,49010969.990234,DAO,2,
TRANSMITPACKET,7,1,49013530.990234,49015290.990234,DAO,2,
TRANSMITPACKET,5,1,49015944.829737,49017704.829737,DAO,2,
TRANSMITPACKET,6,7,49025343.150395,49027103.150395,DAO,1,
TRANSMITPACKET,4,1,49028743.603290,49030503.603290,DAO,2,
TRANSMITPACKET,1,2,50000000.000000,50000010.440000,OSPF_HELLO,2,
TRANSMITPACKET,2,1,50000000.000000,50000010.440000,OSPF_HELLO,2,
TRANSMITPACKET,4,1,49999359.003357,50001119.003357,DAO,1,
TRANSMITPACKET,8,7,50004800.000000,50007648.000000,App1_SENSOR_APP-51,0,
TRANSMITPACKET,7,1,50007969.000000,50009729.000000,DAO,2,
TRANSMITPACKET,8,7,50011169.000000,50012929.000000,DAO,2,
TRANSMITPACKET,8,7,50015502.670248,50017262.670248,DAO,2,
TRANSMITPACKET,5,1,50021813.336467,50023573.336467,DAO,2,
TRANSMITPACKET,6,7,50024446.337138,50026206.337138,DAO,2,
TRANSMITPACKET,4,1,50027557.003357,50029317.003357,DAO,2,
TRANSMITPACKET,4,1,50999772.403424,51001532.403424,DAO,1,
TRANSMITPACKET,8,7,51003520.000000,51006368.000000,App1_SENSOR_APP-52,0,
TRANSMITPACKET,6,7,51006715.243934,51008475.243934,DAO,1,
TRANSMITPACKET,7,1,51011970.000000,51013730.000000,DAO,2,
TRANSMITPACKET,8,7,51015260.963653,51017020.963653,DAO,2,
TRANSMITPACKET,5,1,51023201.843196,51024961.843196,DAO,2,
TRANSMITPACKET,6,7,51023549.523881,51025309.523881,DAO,1,
TRANSMITPACKET,4,1,51026690.403424,51028450.403424,DAO,2,
TRANSMITPACKET,4,1,51997305.803491,51999065.803491,DAO,1,
TRANSMITPACKET,8,7,52000960.000000,52003808.000000,App1_SENSOR_APP-53,0,
TRANSMITPACKET,6,7,52005178.430677,52006938.430677,DAO,2,
TRANSMITPACKET,8,7,52008484.870449,52010244.870449,DAO,2,
TRANSMITPACKET,7,1,52010885.870449,52012645.870449,DAO,2,
TRANSMITPACKET,8,7,52014699.257057,52016459.257057,DAO,2,
TRANSMITPACKET,5,1,52017870.349925,52019630.349925,DAO,2,
TRANSMITPACKET,4,1,52024223.803491,52025983.803491,DAO,2,
TRANSMITPACKET,6,7,52024252.710624,52026012.710624,DAO,1,
TRANSMITPACKET,5,1,52999159.856655,53000919.856655,DAO,1,
TRANSMITPACKET,8,7,53001280.000000,53004128.000000,App1_SENSOR_APP-54,0,
TRANSMITPACKET,6,7,53004921.617420,53006681.617420,DAO,2,
TRANSMITPACKET,8,7,53007283.163854,53009043.163854,DAO,2,
TRANSMITPACKET,7,1,53011604.163854,53013364.163854,DAO,2,
TRANSMITPACKET,8,7,53014137.550462,53015897.550462,DAO,2,
TRANSMITPACKET,5,1,53020218.856655,53021978.856655,DAO,2,
TRANSMITPACKET,6,7,53023035.897366,53024795.897366,DAO,2,
TRANSMITPACKET,4,1,53025277.203558,53027037.203558,DAO,2,
TRANSMITPACKET,4,1,53998132.603626,53999892.603626,DAO,1,
TRANSMITPACKET,8,7,54005120.000000,54007968.000000,App1_SENSOR_APP-55,0,
TRANSMITPACKET,7,1,54009889.000000,54011649.000000,DAO,2,
TRANSMITPACKET,8,7,54012577.000000,54014337.000000,DAO,2,
TRANSMITPACKET,5,1,54015207.363384,54016967.363384,DAO,2,
TRANSMITPACKET,8,7,54019458.000000,54021218.000000,DAO,2,
TRANSMITPACKET,6,7,54024059.084109,54025819.084109,DAO,2,
TRANSMITPACKET,4,1,54026650.603626,54028410.603626,DAO,2,
TRANSMITPACKET,4,1,54378714.000000,54380602.000000,DIO,2,
TRANSMITPACKET,4,6,54378714.000000,54380602.000000,DIO,2,
TRANSMITPACKET,4,7,54378714.000000,54380602.000000,DIO,2,
TRANSMITPACKET,4,1,54996626.003693,54998386.003693,DAO,1,
TRANSMITPACKET,8,7,55001280.000000,55004128.000000,App1_SENSOR_APP-56,0,
TRANSMITPACKET,6,7,55004407.990906,55006167.990906,DAO,1,
TRANSMITPACKET,7,1,55008707.267159,55010467.267159,DAO,2,
TRANSMITPACKET,8,7,55013014.137272,55014774.137272,DAO,2,
TRANSMITPACKET,5,1,55015955.870113,55017715.870113,DAO,2,
TRANSMITPACKET,6,7,55021882.270852,55023642.270852,DAO,2,
TRANSMITPACKET,4,1,55025464.003693,55027224.003693,DAO,2,
TRANSMITPACKET,7,1,55123627.000000,55125515.000000,DIO,2,
TRANSMITPACKET,7,4,55123627.000000,55125515.000000,DIO,2,
TRANSMITPACKET,7,5,55123627.000000,55125515.000000,DIO,2,
TRANSMITPACKET,7,6,55123627.000000,55125515.000000,DIO,2,
TRANSMITPACKET,7,8,55123627.000000,55125515.000000,DIO,2,
TRANSMITPACKET,4,1,55996719.403760,55998479.403760,DAO,2,
TRANSMITPACKET,5,1,55999485.376843,56001245.376843,DAO,2,
TRANSMITPACKET,8,7,56001920.000000,56004768.000000,App1_SENSOR_APP-57,1,
TRANSMITPACKET,8,7,56006878.044069,56008638.044069,DAO,2,
TRANSMITPACKET,7,1,56009919.044069,56011679.044069,DAO,2,
TRANSMITPACKET,8,7,56013732.430677,56015492.430677,DAO,2,
TRANSMITPACKET,5,1,56016704.376843,56018464.376843,DAO,2,
TRANSMITPACKET,6,7,56021945.457595,56023705.457595,DAO,2,
TRANSMITPACKET,4,1,56025237.403760,56026997.403760,DAO,2,
TRANSMITPACKET,4,1,56997772.803827,56999532.803827,DAO,1,
TRANSMITPACKET,8,7,57004480.000000,57007328.000000,App1_SENSOR_APP-58,0,
TRANSMITPACKET,7,1,57008929.000000,57010689.000000,DAO,2,
TRANSMITPACKET,8,7,57011809.000000,57013569.000000,DAO,2,
TRANSMITPACKET,5,1,57015212.883572,57016972.883572,DAO,2,
TRANSMITPACKET,8,7,57018690.000000,57020450.000000,DAO,2,
TRANSMITPACKET,6,7,57022008.644337,57023768.644337,DAO,2,
TRANSMITPACKET,4,1,57026290.803827,57028050.803827,DAO,2,
TRANSMITPACKET,5,1,57125996.000000,57127884.000000,DIO,2,
TRANSMITPACKET,5,7,57125996.000000,57127884.000000,DIO,2,
TRANSMITPACKET,5,8,57125996.000000,57127884.000000,DIO,2,
TRANSMITPACKET,8,5,57601752.000000,57603640.000000,DIO,2,
TRANSMITPACKET,8,7,57601752.000000,57603640.000000,DIO,2,
TRANSMITPACKET,5,1,57997142.390301,57998902.390301,DAO,1,
TRANSMITPACKET,8,7,58001600.000000,58004448.000000,App1_SENSOR_APP-59,0,
TRANSMITPACKET,6,7,58005237.551134,58006997.551134,DAO,2,
TRANSMITPACKET,8,7,58007034.630879,58008794.630879,DAO,2,
TRANSMITPACKET,7,1,58009435.630879,58011195.630879,DAO,2,
TRANSMITPACKET,8,7,58013249.017487,58015009.017487,DAO,2,
TRANSMITPACKET,5,1,58018201.390301,58019961.390301,DAO,2,
TRANSMITPACKET,6,7,58021431.831080,58023191.831080,DAO,2,
TRANSMITPACKET,4,1,58024784.203894,58026544.203894,DAO,2,
TRANSMITPACKET,4,1,58996999.603961,58998759.603961,DAO,2,
TRANSMITPACKET,5,1,58998850.897031,59000610.897031,DAO,2,
TRANSMITPACKET,8,7,59001280.000000,59004128.000000,App1_SENSOR_APP-60,0,
TRANSMITPACKET,6,7,59004980.737877,59006740.737877,DAO,2,
TRANSMITPACKET,8,7,59006792.924284,59008552.924284,DAO,2,
TRANSMITPACKET,7,1,59009833.924284,59011593.924284,DAO,2,
TRANSMITPACKET,8,7,59012367.310892,59014127.310892,DAO,2,
TRANSMITPACKET,5,1,59015429.897031,59017189.897031,DAO,2,
TRANSMITPACKET,6,7,59022775.017823,59024535.017823,DAO,2,
TRANSMITPACKET,4,1,59028077.603961,59029837.603961,DAO,2,
TRANSMITPACKET,4,1,59995813.004028,59997573.004028,DAO,2,
TRANSMITPACKET,1,2,60000000.000000,60000010.440000,OSPF_HELLO,2,
TRANSMITPACKET,2,1,60000000.000000,60000010.440000,OSPF_HELLO,2,
TRANSMITPACKET,5,1,59998639.403760,60000399.403760,DAO,2,
TRANSMITPACKET,8,7,60002240.000000,60005088.000000,App1_SENSOR_APP-61,1,
TRANSMITPACKET,8,7,60008289.000000,60010049.000000,DAO,2,
TRANSMITPACKET,7,1,60012290.000000,60014050.000000,DAO,2,
TRANSMITPACKET,5,1,60015218.403760,60016978.403760,DAO,2,
TRANSMITPACKET,6,7,60020918.204566,60022678.204566,DAO,2,
TRANSMITPACKET,4,1,60024011.004028,60025771.004028,DAO,2,
TRANSMITPACKET,4,1,60996866.404096,60998626.404096,DAO,1,
TRANSMITPACKET,8,7,61001280.000000,61004128.000000,App1_SENSOR_APP-62,1,
TRANSMITPACKET,8,7,61005409.000000,61007169.000000,DAO,1,
TRANSMITPACKET,7,1,61008130.000000,61009890.000000,DAO,2,
TRANSMITPACKET,8,7,61011883.897702,61013643.897702,DAO,2,
TRANSMITPACKET,5,1,61014046.910489,61015806.910489,DAO,2,
TRANSMITPACKET,6,7,61021941.391308,61023701.391308,DAO,2,
TRANSMITPACKET,4,1,61026344.404096,61028104.404096,DAO,2,
TRANSMITPACKET,4,1,61995679.804163,61997439.804163,DAO,2,
TRANSMITPACKET,5,1,61997896.417219,61999656.417219,DAO,2,
TRANSMITPACKET,8,7,62001600.000000,62004448.000000,App1_SENSOR_APP-63,1,
TRANSMITPACKET,8,7,62006931.298105,62008691.298105,DAO,2,
TRANSMITPACKET,7,1,62010932.298105,62012692.298105,DAO,2,
TRANSMITPACKET,5,1,62015755.417219,62017515.417219,DAO,2,
TRANSMITPACKET,6,7,62021364.578051,62023124.578051,DAO,2,
TRANSMITPACKET,4,1,62023877.804163,62025637.804163,DAO,2,
TRANSMITPACKET,4,1,62995773.204230,62997533.204230,DAO,1,
TRANSMITPACKET,8,7,63000960.000000,63003808.000000,App1_SENSOR_APP-64,0,
TRANSMITPACKET,8,7,63005409.000000,63007169.000000,DAO,2,
TRANSMITPACKET,7,1,63007810.000000,63009570.000000,DAO,2,
TRANSMITPACKET,8,7,63012040.484512,63013800.484512,DAO,2,
TRANSMITPACKET,5,1,63015543.923948,63017303.923948,DAO,2,
TRANSMITPACKET,6,7,63020787.764794,63022547.764794,DAO,2,
TRANSMITPACKET,4,1,63023331.204230,63025091.204230,DAO,2,
TRANSMITPACKET,6,4,63773902.000000,63775790.000000,DIO,2,
TRANSMITPACKET,6,7,63773902.000000,63775790.000000,DIO,2,
TRANSMITPACKET,5,1,63995553.430677,63997313.430677,DAO,1,
TRANSMITPACKET,8,7,64001920.000000,64004768.000000,App1_SENSOR_APP-65,0,
TRANSMITPACKET,8,7,64006049.000000,64007809.000000,DAO,2,
TRANSMITPACKET,7,1,64010050.000000,64011810.000000,DAO,2,
TRANSMITPACKET,5,1,64012772.430677,64014532.430677,DAO,2,
TRANSMITPACKET,8,7,64015958.777917,64017718.777917,DAO,2,
TRANSMITPACKET,6,7,64021170.951537,64022930.951537,DAO,2,
TRANSMITPACKET,4,1,64023424.604297,64025184.604297,DAO,2,
TRANSMITPACKET,4,1,64995960.004364,64997720.004364,DAO,1,
TRANSMITPACKET,8,7,65002560.000000,65005408.000000,App1_SENSOR_APP-66,0,
TRANSMITPACKET,8,7,65006369.000000,65008129.000000,DAO,2,
TRANSMITPACKET,7,1,65008770.000000,65010530.000000,DAO,2,
TRANSMITPACKET,8,7,65011237.071322,65012997.071322,DAO,2,
TRANSMITPACKET,5,1,65016720.937407,65018480.937407,DAO,2,
TRANSMITPACKET,6,7,65021234.138279,65022994.138279,DAO,2,
TRANSMITPACKET,4,1,65025438.004364,65027198.004364,DAO,2,
TRANSMITPACKET,1,4,65514411.000000,65516299.000000,DIO,2,
TRANSMITPACKET,1,5,65514411.000000,65516299.000000,DIO,2,
TRANSMITPACKET,1,7,65514411.000000,65516299.000000,DIO,2,
TRANSMITPACKET,4,1,65996053.404431,65997813.404431,DAO,1,
TRANSMITPACKET,6,7,66001903.045076,66003663.045076,DAO,1,
TRANSMITPACKET,8,7,66007009.000000,66008769.000000,DAO,2,
TRANSMITPACKET,7,1,66010050.000000,66011810.000000,DAO,2,
TRANSMITPACKET,5,1,66013949.444136,66015709.444136,DAO,2,
TRANSMITPACKET,8,7,66018355.364727,66020115.364727,DAO,1,
TRANSMITPACKET,4,1,66022331.404431,66024091.404431,DAO,2,
TRANSMITPACKET,4,1,66994546.804498,66996306.804498,DAO,2,
TRANSMITPACKET,5,1,66996838.950865,66998598.950865,DAO,2,
TRANSMITPACKET,8,7,67001600.000000,67004448.000000,App1_SENSOR_APP-68,0,
TRANSMITPACKET,8,7,67007009.000000,67008769.000000,DAO,2,
TRANSMITPACKET,7,1,67011010.000000,67012770.000000,DAO,2,
TRANSMITPACKET,5,1,67013097.950865,67014857.950865,DAO,2,
TRANSMITPACKET,6,7,67019440.511765,67021200.511765,DAO,1,
TRANSMITPACKET,4,1,67023704.804498,67025464.804498,DAO,2,
TRANSMITPACKET,4,1,67995920.204566,67997680.204566,DAO,1,
TRANSMITPACKET,6,7,68001069.418561,68002829.418561,DAO,1,
TRANSMITPACKET,7,1,68007034.493942,68008794.493942,DAO,2,
TRANSMITPACKET,5,1,68013206.457595,68014966.457595,DAO,2,
TRANSMITPACKET,8,7,68016929.000000,68018689.000000,DAO,2,
TRANSMITPACKET,8,7,68020290.000000,68022050.000000,DAO,1,
TRANSMITPACKET,4,1,68022838.204566,68024598.204566,DAO,2,
TRANSMITPACKET,5,1,68994815.964324,68996575.964324,DAO,1,
TRANSMITPACKET,8,7,69001920.000000,69004768.000000,App1_SENSOR_APP-70,0,
TRANSMITPACKET,8,7,69007009.000000,69008769.000000,DAO,2,
TRANSMITPACKET,7,1,69011330.000000,69013090.000000,DAO,2,
TRANSMITPACKET,5,1,69013634.964324,69015394.964324,DAO,2,
TRANSMITPACKET,6,7,69018606.885250,69020366.885250,DAO,2,
TRANSMITPACKET,4,1,69022291.604633,69024051.604633,DAO,2,
TRANSMITPACKET,8,7,69022658.000000,69024418.000000,DAO,1,
TRANSMITPACKET,4,1,69994187.004700,69995947.004700,DAO,1,
TRANSMITPACKET,1,2,70000000.000000,70000010.440000,OSPF_HELLO,2,
TRANSMITPACKET,2,1,70000000.000000,70000010.440000,OSPF_HELLO,2,
TRANSMITPACKET,6,7,70001195.792047,70002955.792047,DAO,1,
TRANSMITPACKET,8,7,70007009.000000,70008769.000000,DAO,2,
TRANSMITPACKET,7,1,70011010.000000,70012770.000000,DAO,2,
TRANSMITPACKET,5,1,70013103.471053,70014863.471053,DAO,2,
TRANSMITPACKET,6,7,70019950.071993,70021710.071993,DAO,1,
TRANSMITPACKET,4,1,70031665.004700,70033425.004700,DAO,2,
TRANSMITPACKET,4,1,70995240.404767,70997000.404767,DAO,1,
TRANSMITPACKET,8,7,71001920.000000,71004768.000000,App1_SENSOR_APP-72,0,
TRANSMITPACKET,8,7,71006049.000000,71007809.000000,DAO,2,
TRANSMITPACKET,7,1,71008130.000000,71009890.000000,DAO,2,
TRANSMITPACKET,5,1,71011291.977783,71013051.977783,DAO,2,
TRANSMITPACKET,8,7,71014266.831752,71016026.831752,DAO,2,
TRANSMITPACKET,6,7,71020013.258736,71021773.258736,DAO,2,
TRANSMITPACKET,4,1,71023438.404767,71025198.404767,DAO,2,
TRANSMITPACKET,4,1,71993093.804834,71994853.804834,DAO,1,
TRANSMITPACKET,6,7,72000042.165532,72001802.165532,DAO,1,
TRANSMITPACKET,8,7,72005729.000000,72007489.000000,DAO,2,
TRANSMITPACKET,7,1,72009730.000000,72011490.000000,DAO,2,
TRANSMITPACKET,8,7,72014025.125156,72015785.125156,DAO,2,
TRANSMITPACKET,6,7,72019436.445479,72021196.445479,DAO,1,
TRANSMITPACKET,5,1,72020040.484512,72021800.484512,DAO,2,
TRANSMITPACKET,4,1,72024171.804834,72025931.804834,DAO,2,
TRANSMITPACKET,4,1,72992867.204901,72994627.204901,DAO,1,
TRANSMITPACKET,6,7,73000745.352275,73002505.352275,DAO,1,
TRANSMITPACKET,8,7,73007649.000000,73009409.000000,DAO,2,
TRANSMITPACKET,7,1,73011010.000000,73012770.000000,DAO,2,
TRANSMITPACKET,8,7,73013570.000000,73015330.000000,DAO,1,
TRANSMITPACKET,5,1,73013748.991241,73015508.991241,DAO,2,
TRANSMITPACKET,6,7,73019179.632221,73020939.632221,DAO,2,
TRANSMITPACKET,4,1,73023945.204901,73025705.204901,DAO,2,
TRANSMITPACKET,5,1,73993438.497971,73995198.497971,DAO,1,
TRANSMITPACKET,6,7,73999848.539018,74001608.539018,DAO,1,
TRANSMITPACKET,8,7,74004449.000000,74006209.000000,DAO,2,
TRANSMITPACKET,7,1,74007813.213996,74009573.213996,DAO,2,
TRANSMITPACKET,5,1,74010657.497971,74012417.497971,DAO,2,
TRANSMITPACKET,6,7,74017322.818964,74019082.818964,DAO,2,
TRANSMITPACKET,4,1,74021478.604968,74023238.604968,DAO,2,
TRANSMITPACKET,8,7,74021669.711966,74023429.711966,DAO,1,
TRANSMITPACKET,4,1,74992094.005036,74993854.005036,DAO,2,
TRANSMITPACKET,5,1,74995467.004700,74997227.004700,DAO,2,
TRANSMITPACKET,6,7,75000871.725761,75002631.725761,DAO,1,
TRANSMITPACKET,8,7,75007649.000000,75009409.000000,DAO,2,
TRANSMITPACKET,5,1,75010126.004700,75011886.004700,DAO,2,
TRANSMITPACKET,7,1,75014530.000000,75016290.000000,DAO,2,
TRANSMITPACKET,6,7,75016746.005707,75018506.005707,DAO,2,
TRANSMITPACKET,4,1,75019012.005036,75020772.005036,DAO,2,
TRANSMITPACKET,8,7,75021890.000000,75023650.000000,DAO,2,
TRANSMITPACKET,4,1,75991867.405103,75993627.405103,DAO,2,
TRANSMITPACKET,5,1,75995255.511429,75997015.511429,DAO,2,
TRANSMITPACKET,6,7,75998694.912503,76000454.912503,DAO,2,
TRANSMITPACKET,8,7,76001280.000000,76004128.000000,App1_SENSOR_APP-77,0,
TRANSMITPACKET,8,7,76007009.000000,76008769.000000,DAO,2,
TRANSMITPACKET,7,1,76009410.000000,76011170.000000,DAO,2,
TRANSMITPACKET,5,1,76011514.511429,76013274.511429,DAO,2,
TRANSMITPACKET,8,7,76013890.000000,76015650.000000,DAO,2,
TRANSMITPACKET,6,7,76018089.192450,76019849.192450,DAO,2,
TRANSMITPACKET,4,1,76020705.405103,76022465.405103,DAO,2,
TRANSMITPACKET,4,1,76993240.805170,76995000.805170,DAO,1,
TRANSMITPACKET,6,7,76999078.099246,77000838.099246,DAO,1,
TRANSMITPACKET,8,7,77003243.205573,77006091.205573,App1_SENSOR_APP-78,0,
TRANSMITPACKET,7,1,77007402.574023,77009162.574023,DAO,2,
TRANSMITPACKET,5,1,77010023.018159,77011783.018159,DAO,2,
TRANSMITPACKET,8,7,77012176.592181,77013936.592181,DAO,2,
TRANSMITPACKET,6,7,77018472.379192,77020232.379192,DAO,1,
TRANSMITPACKET,4,1,77018558.805170,77020318.805170,DAO,2,
TRANSMITPACKET,4,1,77992054.205237,77993814.205237,DAO,1,
TRANSMITPACKET,6,7,78000101.285989,78001861.285989,DAO,1,
TRANSMITPACKET,8,7,78003321.498978,78006169.498978,App1_SENSOR_APP-79,0,
TRANSMITPACKET,8,7,78006814.885586,78008574.885586,DAO,2,
TRANSMITPACKET,7,1,78008895.885586,78010655.885586,DAO,2,
TRANSMITPACKET,5,1,78011091.524888,78012851.524888,DAO,2,
TRANSMITPACKET,6,7,78018215.565935,78019975.565935,DAO,2,
TRANSMITPACKET,4,1,78022172.205237,78023932.205237,DAO,2,
TRANSMITPACKET,4,1,78992147.605304,78993907.605304,DAO,1,
TRANSMITPACKET,6,7,78998244.472732,79000004.472732,DAO,2,
TRANSMITPACKET,8,7,79000998.792383,79002758.792383,DAO,2,
TRANSMITPACKET,8,7,79004359.792383,79007207.792383,App1_SENSOR_APP-80,0,
TRANSMITPACKET,7,1,79009448.792383,79011208.792383,DAO,2,
TRANSMITPACKET,8,7,79012968.792383,79014728.792383,DAO,2,
TRANSMITPACKET,5,1,79015360.031617,79017120.031617,DAO,2,
TRANSMITPACKET,6,7,79017638.752678,79019398.752678,DAO,2,
TRANSMITPACKET,4,1,79020345.605304,79022105.605304,DAO,2,
TRANSMITPACKET,4,1,79991601.005371,79993361.005371,DAO,2,
TRANSMITPACKET,5,1,79994089.538347,79995849.538347,DAO,2,
TRANSMITPACKET,1,2,80000000.000000,80000010.440000,OSPF_HELLO,2,
TRANSMITPACKET,2,1,80000000.000000,80000010.440000,OSPF_HELLO,2,
TRANSMITPACKET,6,7,79998947.659474,80000707.659474,DAO,2,
TRANSMITPACKET,8,7,80001077.085788,80002837.085788,DAO,2,
TRANSMITPACKET,8,7,80004118.085788,80006966.085788,App1_SENSOR_APP-81,0,
TRANSMITPACKET,8,7,80008247.085788,80010007.085788,DAO,2,
TRANSMITPACKET,7,1,80011288.085788,80013048.085788,DAO,2,
TRANSMITPACKET,5,1,80013548.538347,80015308.538347,DAO,2,
TRANSMITPACKET,6,7,80016741.939421,80018501.939421,DAO,2,
TRANSMITPACKET,4,1,80019479.005371,80021239.005371,DAO,2,
TRANSMITPACKET,4,1,80992654.405438,80994414.405438,DAO,1,
TRANSMITPACKET,6,7,80997730.846217,80999490.846217,DAO,2,
TRANSMITPACKET,8,7,80999555.379193,81001315.379193,DAO,2,
TRANSMITPACKET,8,7,81004196.379193,81007044.379193,App1_SENSOR_APP-82,0,
TRANSMITPACKET,7,1,81008645.379193,81010405.379193,DAO,2,
TRANSMITPACKET,5,1,81012377.045076,81014137.045076,DAO,2,
TRANSMITPACKET,6,7,81015845.126163,81017605.126163,DAO,2,
TRANSMITPACKET,4,1,81018932.405438,81020692.405438,DAO,2,
TRANSMITPACKET,8,7,81019333.379193,81021093.379193,DAO,1,
TRANSMITPACKET,4,1,81990827.805506,81992587.805506,DAO,1,
TRANSMITPACKET,6,7,81998434.032960,82000194.032960,DAO,1,
TRANSMITPACKET,8,7,82002994.672598,82005842.672598,App1_SENSOR_APP-83,0,
TRANSMITPACKET,7,1,82006931.507401,82008691.507401,DAO,2,
TRANSMITPACKET,8,7,82009043.672598,82010803.672598,DAO,2,
TRANSMITPACKET,6,7,82015268.312906,82017028.312906,DAO,1,
TRANSMITPACKET,5,1,82015365.551805,82017125.551805,DAO,2,
TRANSMITPACKET,4,1,82019345.805506,82021105.805506,DAO,2,
TRANSMITPACKET,4,1,82991561.205573,82993321.205573,DAO,1,
TRANSMITPACKET,6,7,82998177.219703,82999937.219703,DAO,1,
TRANSMITPACKET,8,7,83002112.966002,83004960.966002,App1_SENSOR_APP-84,0,
TRANSMITPACKET,8,7,83005926.352611,83007686.352611,DAO,2,
TRANSMITPACKET,7,1,83008007.352611,83009767.352611,DAO,2,
TRANSMITPACKET,5,1,83010354.058535,83012114.058535,DAO,2,
TRANSMITPACKET,6,7,83015651.499649,83017411.499649,DAO,2,
TRANSMITPACKET,4,1,83019119.205573,83020879.205573,DAO,2,
TRANSMITPACKET,4,1,83990374.605640,83992134.605640,DAO,1,
TRANSMITPACKET,6,7,83998240.406445,84000000.406445,DAO,1,
TRANSMITPACKET,8,7,84002831.259407,84005679.259407,App1_SENSOR_APP-85,0,
TRANSMITPACKET,7,1,84008151.080752,84009911.080752,DAO,2,
TRANSMITPACKET,8,7,84013680.259407,84015440.259407,DAO,1,
TRANSMITPACKET,5,1,84016542.565264,84018302.565264,DAO,1,
TRANSMITPACKET,4,1,84991428.005707,84993188.005707,DAO,1,
TRANSMITPACKET,6,7,84997663.593188,84999423.593188,DAO,1,
TRANSMITPACKET,8,7,85002589.552812,85005437.552812,App1_SENSOR_APP-86,0,
TRANSMITPACKET,8,7,85007358.552812,85009118.552812,DAO,2,
TRANSMITPACKET,5,1,85009611.071993,85011371.071993,DAO,2,
TRANSMITPACKET,7,1,85014239.552812,85015999.552812,DAO,2,
TRANSMITPACKET,4,1,85016746.005707,85018506.005707,DAO,2,
TRANSMITPACKET,6,7,85025825.873134,85027585.873134,DAO,2,
TRANSMITPACKET,4,1,85989921.405774,85991681.405774,DAO,1,
TRANSMITPACKET,6,7,85998366.779931,86000126.779931,DAO,1,
TRANSMITPACKET,8,7,86003307.846217,86006155.846217,App1_SENSOR_APP-87,0,
TRANSMITPACKET,8,7,86007436.846217,86009196.846217,DAO,2,
TRANSMITPACKET,5,1,86009719.578723,86011479.578723,DAO,2,
TRANSMITPACKET,7,1,86013677.846217,86015437.846217,DAO,2,
TRANSMITPACKET,6,7,86015841.059877,86017601.059877,DAO,2,
TRANSMITPACKET,4,1,86018119.405774,86019879.405774,DAO,2,
TRANSMITPACKET,5,1,86991009.085452,86992769.085452,DAO,1,
TRANSMITPACKET,6,7,86996189.966674,86997949.966674,DAO,2,
TRANSMITPACKET,8,7,86998425.139622,87000185.139622,DAO,2,
TRANSMITPACKET,8,7,87002746.139622,87005594.139622,App1_SENSOR_APP-88,0,
TRANSMITPACKET,8,7,87007835.139622,87009595.139622,DAO,2,
TRANSMITPACKET,7,1,87011836.139622,87013596.139622,DAO,2,
TRANSMITPACKET,5,1,87014308.085452,87016068.085452,DAO,2,
TRANSMITPACKET,6,7,87014624.246620,87016384.246620,DAO,1,
TRANSMITPACKET,4,1,87016932.805841,87018692.805841,DAO,2,
TRANSMITPACKET,4,1,87990108.205908,87991868.205908,DAO,1,
TRANSMITPACKET,6,7,87997533.153416,87999293.153416,DAO,1,
TRANSMITPACKET,8,7,88002824.433027,88005672.433027,App1_SENSOR_APP-89,0,
TRANSMITPACKET,8,7,88007273.433027,88009033.433027,DAO,1,
TRANSMITPACKET,5,1,88007376.592181,88009136.592181,DAO,2,
TRANSMITPACKET,7,1,88011377.592181,88013137.592181,DAO,2,
TRANSMITPACKET,6,7,88014687.433363,88016447.433363,DAO,2,
TRANSMITPACKET,4,1,88017986.205908,88019746.205908,DAO,2,
TRANSMITPACKET,4,1,88990841.605975,88992601.605975,DAO,1,
TRANSMITPACKET,6,7,88995356.340159,88997116.340159,DAO,2,
TRANSMITPACKET,8,7,88997621.726432,88999381.726432,DAO,2,
TRANSMITPACKET,8,7,89000640.000000,89003488.000000,App1_SENSOR_APP-90,0,
TRANSMITPACKET,8,7,89005436.113041,89007196.113041,DAO,2,
TRANSMITPACKET,7,1,89007517.113041,89009277.113041,DAO,2,
TRANSMITPACKET,5,1,89011645.098911,89013405.098911,DAO,2,
TRANSMITPACKET,6,7,89013150.620105,89014910.620105,DAO,1,
TRANSMITPACKET,4,1,89015839.605975,89017599.605975,DAO,2,
TRANSMITPACKET,4,1,89989655.006043,89991415.006043,DAO,2,
TRANSMITPACKET,5,1,89991974.605640,89993734.605640,DAO,2,
TRANSMITPACKET,6,7,89995099.526902,89996859.526902,DAO,2,
TRANSMITPACKET,1,2,90000000.000000,90000010.440000,OSPF_HELLO,2,
TRANSMITPACKET,2,1,90000000.000000,90000010.440000,OSPF_HELLO,2,
TRANSMITPACKET,8,7,89998340.019837,90000100.019837,DAO,2,
TRANSMITPACKET,8,7,90001701.019837,90004549.019837,App1_SENSOR_APP-91,0,
TRANSMITPACKET,7,1,90007329.800806,90009089.800806,DAO,2,
TRANSMITPACKET,5,1,90009833.605640,90011593.605640,DAO,2,
TRANSMITPACKET,6,7,90012893.806848,90014653.806848,DAO,2,
TRANSMITPACKET,4,1,90017853.006043,90019613.006043,DAO,2,
TRANSMITPACKET,4,1,90990388.406110,90992148.406110,DAO,1,
TRANSMITPACKET,6,7,90997082.713645,90998842.713645,DAO,2,
TRANSMITPACKET,8,7,90999058.313242,91000818.313242,DAO,2,
TRANSMITPACKET,8,7,91004019.313242,91006867.313242,App1_SENSOR_APP-92,0,
TRANSMITPACKET,5,1,91008022.112369,91009782.112369,DAO,2,
TRANSMITPACKET,8,7,91010388.313242,91012148.313242,DAO,2,
TRANSMITPACKET,7,1,91013109.313242,91014869.313242,DAO,2,
TRANSMITPACKET,6,7,91017436.993591,91019196.993591,DAO,1,
TRANSMITPACKET,4,1,91017626.406110,91019386.406110,DAO,2,
TRANSMITPACKET,4,1,91989521.806177,91991281.806177,DAO,1,
TRANSMITPACKET,6,7,91996505.900387,91998265.900387,DAO,2,
TRANSMITPACKET,8,7,91998496.606647,92000256.606647,DAO,2,
TRANSMITPACKET,8,7,92003457.606647,92006305.606647,App1_SENSOR_APP-93,0,
TRANSMITPACKET,7,1,92006946.606647,92008706.606647,DAO,2,
TRANSMITPACKET,8,7,92009186.606647,92010946.606647,DAO,2,
TRANSMITPACKET,5,1,92011970.619099,92013730.619099,DAO,2,
TRANSMITPACKET,6,7,92013020.180334,92014780.180334,DAO,1,
TRANSMITPACKET,4,1,92016439.806177,92018199.806177,DAO,2,
TRANSMITPACKET,4,1,92988335.206244,92990095.206244,DAO,1,
TRANSMITPACKET,6,7,92995929.087130,92997689.087130,DAO,2,
TRANSMITPACKET,8,7,92998254.900052,93000014.900052,DAO,2,
TRANSMITPACKET,8,7,93002895.900052,93005743.900052,App1_SENSOR_APP-94,0,
TRANSMITPACKET,5,1,93006639.125828,93008399.125828,DAO,2,
TRANSMITPACKET,7,1,93009479.160832,93011239.160832,DAO,2,
TRANSMITPACKET,8,7,93011824.900052,93013584.900052,DAO,1,
TRANSMITPACKET,4,1,93014933.206244,93016693.206244,DAO,2,
TRANSMITPACKET,4,1,93988428.606311,93990188.606311,DAO,1,
TRANSMITPACKET,6,7,93996312.273873,93998072.273873,DAO,1,
TRANSMITPACKET,8,7,94000960.000000,94003808.000000,App1_SENSOR_APP-95,0,
TRANSMITPACKET,8,7,94006369.000000,94008129.000000,DAO,1,
TRANSMITPACKET,5,1,94006427.632557,94008187.632557,DAO,2,
TRANSMITPACKET,7,1,94008828.632557,94010588.632557,DAO,2,
TRANSMITPACKET,6,7,94013786.553819,94015546.553819,DAO,2,
TRANSMITPACKET,4,1,94016306.606311,94018066.606311,DAO,2,
TRANSMITPACKET,5,1,94989317.139287,94991077.139287,DAO,1,
TRANSMITPACKET,6,7,94993815.460616,94995575.460616,DAO,2,
TRANSMITPACKET,8,7,94998091.486862,94999851.486862,DAO,2,
TRANSMITPACKET,8,7,95002240.000000,95005088.000000,App1_SENSOR_APP-96,0,
TRANSMITPACKET,5,1,95006216.139287,95007976.139287,DAO,2,
TRANSMITPACKET,8,7,95006369.000000,95008129.000000,DAO,1,
TRANSMITPACKET,7,1,95008778.734184,95010538.734184,DAO,2,
TRANSMITPACKET,6,7,95013849.740562,95015609.740562,DAO,2,
TRANSMITPACKET,4,1,95019920.006378,95021680.006378,DAO,2,
TRANSMITPACKET,4,1,95988935.406445,95990695.406445,DAO,1,
TRANSMITPACKET,6,7,95994518.647358,95996278.647358,DAO,2,
TRANSMITPACKET,8,7,95997529.780267,95999289.780267,DAO,2,
TRANSMITPACKET,8,7,96000320.000000,96003168.000000,App1_SENSOR_APP-97,0,
TRANSMITPACKET,8,7,96004769.000000,96006529.000000,DAO,2,
TRANSMITPACKET,7,1,96007170.000000,96008930.000000,DAO,2,
TRANSMITPACKET,5,1,96010164.646016,96011924.646016,DAO,2,
TRANSMITPACKET,6,7,96012632.927305,96014392.927305,DAO,2,
TRANSMITPACKET,4,1,96015853.406445,96017613.406445,DAO,2,
TRANSMITPACKET,4,1,96987748.806513,96989508.806513,DAO,1,
TRANSMITPACKET,6,7,96993301.834101,96995061.834101,DAO,2,
TRANSMITPACKET,8,7,96997608.073672,96999368.073672,DAO,2,
TRANSMITPACKET,8,7,97001600.000000,97004448.000000,App1_SENSOR_APP-98,0,
TRANSMITPACKET,8,7,97006049.000000,97007809.000000,DAO,2,
TRANSMITPACKET,7,1,97010050.000000,97011810.000000,DAO,2,
TRANSMITPACKET,6,7,97012696.114048,97014456.114048,DAO,2,
TRANSMITPACKET,4,1,97015626.806513,97017386.806513,DAO,1,
TRANSMITPACKET,4,1,97988482.206580,97990242.206580,DAO,1,
TRANSMITPACKET,6,7,97993685.020844,97995445.020844,DAO,2,
TRANSMITPACKET,8,7,97995446.367077,97997206.367077,DAO,2,
TRANSMITPACKET,8,7,98001600.000000,98004448.000000,App1_SENSOR_APP-99,0,
TRANSMITPACKET,5,1,98005261.659475,98007021.659475,DAO,2,
TRANSMITPACKET,8,7,98007649.000000,98009409.000000,DAO,2,
TRANSMITPACKET,6,7,98010839.300790,98012599.300790,DAO,2,
TRANSMITPACKET,7,1,98014200.300790,98015960.300790,DAO,2,
TRANSMITPACKET,4,1,98018408.206580,98020168.206580,DAO,2,
TRANSMITPACKET,5,1,98988151.166204,98989911.166204,DAO,1,
TRANSMITPACKET,6,7,98995028.207587,98996788.207587,DAO,1,
TRANSMITPACKET,8,7,99002560.000000,99005408.000000,App1_SENSOR_APP-100,0,
TRANSMITPACKET,5,1,99006970.166204,99008730.166204,DAO,1,
TRANSMITPACKET,8,7,99009249.000000,99011009.000000,DAO,1,
TRANSMITPACKET,4,1,99014533.606647,99016293.606647,DAO,2,
TRANSMITPACKET,5,1,99987939.672933,99989699.672933,DAO,1,
TRANSMITPACKET,6,7,99993171.394329,99994931.394329,DAO,2,
TRANSMITPACKET,8,7,99995282.953887,99997042.953887,DAO,2,
